1 12.04.2011 16:19:35 12.04.2011 12:19:35 969787 -5124085 3659876 35.2420077 -79.2829312 83.64 5.8 3D Yes 0 0 0 0 0 0 0 0 0 0 0 0 0 0 0 0 0 0 0 0 0 0 0 0 0 3.36 3.60 25 
2 12.04.2011 18:02:12 12.04.2011 14:02:12 969790 -5124066 3659869 35.2420503 -79.2828600 64.81 2.2 3D Yes 0 0 0 0 0 0 0 0 0 0 0 0 0 0 0 0 0 0 0 0 0 0 0 0 0 3.44 3.60 24 
3 12.04.2011 19:02:53 12.04.2011 15:02:53 970009 -5124172 3660003 35.2422832 -79.2807125 260.46 7.0 3D No 0 0 0 0 0 0 0 0 0 0 0 0 0 0 0 0 0 0 0 0 0 0 0 0 0 3.44 3.60 25 
4 12.04.2011 21:31:49 12.04.2011 17:31:49 969825 -5124171 3660020 35.2425915 -79.2826967 241.52 4.2 3D Yes 0 0 0 0 0 0 0 0 0 0 0 0 0 0 0 0 0 0 0 0 0 0 0 0 0 3.44 3.60 24 
5 13.04.2011 00:04:10 12.04.2011 20:04:10 969753 -5124246 3659940 35.2416889 -79.2836272 244.61 2.2 2D No 0 0 0 0 0 0 0 0 0 0 0 0 0 0 0 0 0 0 0 0 0 0 0 0 0 3.36 3.60 22 
6 13.04.2011 00:09:46 12.04.2011 20:09:46 969759 -5124116 3659877 35.2418837 -79.2832968 104.84 8.2 3D Yes 0 0 0 0 0 0 0 0 0 0 0 0 0 0 0 0 0 0 0 0 0 0 0 0 0 3.36 3.60 23 
7 13.04.2011 00:09:56 12.04.2011 20:09:56 969769 -5124129 3659897 35.2419548 -79.2832154 128.34 8.0 3D Yes 0 0 0 0 0 0 0 0 0 0 0 0 0 0 0 0 0 0 0 0 0 0 0 0 0 3.36 3.60 23 
8 13.04.2011 00:10:07 12.04.2011 20:10:07 969794 -5124064 3659861 35.2419978 -79.2828127 59.20 8.0 3D Yes 0 0 0 0 0 0 0 0 0 0 0 0 0 0 0 0 0 0 0 0 0 0 0 0 0 3.36 3.60 23 
9 13.04.2011 00:10:15 12.04.2011 20:10:15 969809 -5124021 3659840 35.2420484 -79.2825630 14.85 8.0 3D Yes 0 0 0 0 0 0 0 0 0 0 0 0 0 0 0 0 0 0 0 0 0 0 0 0 0 3.36 3.60 23 
10 13.04.2011 00:10:24 12.04.2011 20:10:24 969799 -5124038 3659848 35.2420301 -79.2827056 31.59 8.0 3D Yes 0 0 0 0 0 0 0 0 0 0 0 0 0 0 0 0 0 0 0 0 0 0 0 0 0 3.36 3.60 23 
11 13.04.2011 00:15:33 12.04.2011 20:15:33 969796 -5124084 3659876 35.2420041 -79.2828320 84.21 2.6 3D Yes 0 0 0 0 0 0 0 0 0 0 0 0 0 0 0 0 0 0 0 0 0 0 0 0 0 3.36 3.60 23 
12 13.04.2011 00:15:43 12.04.2011 20:15:43 969799 -5124096 3659877 35.2419472 -79.2828241 94.87 3.0 3D Yes 0 0 0 0 0 0 0 0 0 0 0 0 0 0 0 0 0 0 0 0 0 0 0 0 0 3.36 3.60 23 
13 13.04.2011 00:15:51 12.04.2011 20:15:51 969782 -5124131 3659904 35.2419836 -79.2830792 135.95 3.0 3D Yes 0 0 0 0 0 0 0 0 0 0 0 0 0 0 0 0 0 0 0 0 0 0 0 0 0 3.36 3.60 23 
14 13.04.2011 00:16:01 12.04.2011 20:16:01 969768 -5124112 3659892 35.2420059 -79.2831915 111.66 2.6 3D Yes 0 0 0 0 0 0 0 0 0 0 0 0 0 0 0 0 0 0 0 0 0 0 0 0 0 3.36 3.60 23 
15 13.04.2011 00:16:11 12.04.2011 20:16:11 969773 -5124037 3659851 35.2420825 -79.2829843 28.57 2.6 3D Yes 0 0 0 0 0 0 0 0 0 0 0 0 0 0 0 0 0 0 0 0 0 0 0 0 0 3.36 3.60 23 
16 13.04.2011 00:21:11 12.04.2011 20:21:11 969793 -5124050 3659857 35.2420409 -79.2827949 45.50 2.6 3D Yes 0 0 0 0 0 0 0 0 0 0 0 0 0 0 0 0 0 0 0 0 0 0 0 0 0 3.36 3.60 23 
17 13.04.2011 00:21:21 12.04.2011 20:21:21 969778 -5124070 3659863 35.2419973 -79.2829977 62.74 2.6 3D Yes 0 0 0 0 0 0 0 0 0 0 0 0 0 0 0 0 0 0 0 0 0 0 0 0 0 3.36 3.60 23 
18 13.04.2011 00:21:30 12.04.2011 20:21:30 969781 -5124065 3659865 35.2420347 -79.2829551 60.33 2.6 3D Yes 0 0 0 0 0 0 0 0 0 0 0 0 0 0 0 0 0 0 0 0 0 0 0 0 0 3.36 3.60 23 
19 13.04.2011 02:31:24 12.04.2011 22:31:24 969789 -5124059 3659863 35.2420429 -79.2828565 55.58 2.8 3D Yes 0 0 0 0 0 0 0 0 0 0 0 0 0 0 0 0 0 0 0 0 0 0 0 0 0 3.44 3.60 21 
20 13.04.2011 04:00:58 13.04.2011 00:00:58 969790 -5124064 3659854 35.2419501 -79.2828559 54.55 3.0 3D Yes 0 0 0 0 0 0 0 0 0 0 0 0 0 0 0 0 0 0 0 0 0 0 0 0 0 3.44 3.60 21 
21 13.04.2011 06:33:06 13.04.2011 02:33:06 N/A N/A N/A N/A N/A N/A 25.4 No No 0 0 0 0 0 0 0 0 0 0 0 0 0 0 0 0 0 0 0 0 0 0 0 0 0 3.36 3.60 20 
22 13.04.2011 09:01:53 13.04.2011 05:01:53 969784 -5124050 3659875 35.2421821 -79.2828921 54.52 5.2 3D No 0 0 0 0 0 0 0 0 0 0 0 0 0 0 0 0 0 0 0 0 0 0 0 0 0 3.36 3.60 20 
23 13.04.2011 11:32:58 13.04.2011 07:32:58 969784 -5124051 3659872 35.2421549 -79.2828941 53.59 1.8 2D No 0 0 0 0 0 0 0 0 0 0 0 0 0 0 0 0 0 0 0 0 0 0 0 0 0 3.36 3.60 19 
24 13.04.2011 14:02:10 13.04.2011 10:02:10 969789 -5124057 3659863 35.2420531 -79.2828524 53.98 2.2 2D No 0 0 0 0 0 0 0 0 0 0 0 0 0 0 0 0 0 0 0 0 0 0 0 0 0 3.36 3.60 18 
25 17.06.2011 06:33:00 17.06.2011 02:33:00 969746 -5129046 3652981 35.1659374 -79.2934996 85.54 3.6 3D No 0 0 0 0 0 0 0 0 0 0 0 0 0 0 0 0 0 0 0 0 0 0 0 0 0 3.36 3.60 25 
26 02.07.2011 06:30:53 02.07.2011 02:30:53 967011 -5135950 3644047 35.0675205 -79.3370235 80.96 2.0 3D Yes 0 0 0 0 0 0 0 0 0 0 0 0 0 0 0 0 0 0 0 0 0 0 0 0 0 3.36 3.60 24 
27 02.07.2011 09:00:49 02.07.2011 05:00:49 967002 -5136081 3643901 35.0657854 -79.3373862 101.09 4.0 3D Yes 0 0 0 0 0 0 0 0 0 0 0 0 0 0 0 0 0 0 0 0 0 0 0 0 0 3.36 3.60 22 
28 02.07.2011 11:30:23 02.07.2011 07:30:23 967105 -5136133 3643762 35.0643965 -79.3363820 78.66 6.0 3D Yes 0 0 0 0 0 0 0 0 0 0 0 0 0 0 0 0 0 0 0 0 0 0 0 0 0 3.36 3.60 24 
29 02.07.2011 14:01:11 02.07.2011 10:01:11 967195 -5136105 3643789 35.0646520 -79.3353556 85.28 3.6 3D Yes 0 0 0 0 0 0 0 0 0 0 0 0 0 0 0 0 0 0 0 0 0 0 0 0 0 3.36 3.60 29 
30 02.07.2011 16:31:17 02.07.2011 12:31:17 967195 -5136231 3643615 35.0627271 -79.3356112 86.67 2.8 3D Yes 0 0 0 0 0 0 0 0 0 0 0 0 0 0 0 0 0 0 0 0 0 0 0 0 0 3.44 3.60 33 
31 02.07.2011 19:01:18 02.07.2011 15:01:18 966949 -5136064 3643853 35.0655685 -79.3379227 51.81 6.0 3D Yes 0 0 0 0 0 0 0 0 0 0 0 0 0 0 0 0 0 0 0 0 0 0 0 0 0 3.44 3.60 34 
32 02.07.2011 21:30:54 02.07.2011 17:30:54 966940 -5136060 3643907 35.0659959 -79.3380116 78.26 2.6 3D Yes 0 0 0 0 0 0 0 0 0 0 0 0 0 0 0 0 0 0 0 0 0 0 0 0 0 3.44 3.60 34 
33 03.07.2011 00:02:30 02.07.2011 20:02:30 966824 -5135927 3644117 35.0683332 -79.3389916 74.37 19.4 2D No 0 0 0 0 0 0 0 0 0 0 0 0 0 0 0 0 0 0 0 0 0 0 0 0 0 3.36 3.60 29 
34 03.07.2011 02:30:50 02.07.2011 22:30:50 966761 -5135954 3644123 35.0683004 -79.3397251 89.99 4.2 3D Yes 0 0 0 0 0 0 0 0 0 0 0 0 0 0 0 0 0 0 0 0 0 0 0 0 0 3.44 3.60 28 
35 03.07.2011 04:01:14 03.07.2011 00:01:14 966830 -5136118 3643834 35.0652675 -79.3393143 66.31 13.4 3D No 0 0 0 0 0 0 0 0 0 0 0 0 0 0 0 0 0 0 0 0 0 0 0 0 0 3.36 3.60 25 
36 03.07.2011 06:31:08 03.07.2011 02:31:08 966947 -5136059 3643885 35.0658320 -79.3379341 65.87 9.2 3D No 0 0 0 0 0 0 0 0 0 0 0 0 0 0 0 0 0 0 0 0 0 0 0 0 0 3.36 3.60 25 
37 03.07.2011 09:02:24 03.07.2011 05:02:24 966812 -5136274 3643630 35.0629859 -79.3398246 71.87 3.0 3D Yes 0 0 0 0 0 0 0 0 0 0 0 0 0 0 0 0 0 0 0 0 0 0 0 0 0 3.36 3.60 24 
38 03.07.2011 11:30:41 03.07.2011 07:30:41 967050 -5136286 3643554 35.0621361 -79.3372849 73.91 3.2 3D Yes 0 0 0 0 0 0 0 0 0 0 0 0 0 0 0 0 0 0 0 0 0 0 0 0 0 3.44 3.60 26 
39 03.07.2011 14:00:54 03.07.2011 10:00:54 966975 -5136316 3643554 35.0620553 -79.3381537 86.68 3.2 3D Yes 0 0 0 0 0 0 0 0 0 0 0 0 0 0 0 0 0 0 0 0 0 0 0 0 0 3.44 3.60 31 
40 03.07.2011 16:30:54 03.07.2011 12:30:54 967195 -5136216 3643598 35.0626780 -79.3355808 64.84 3.0 3D Yes 0 0 0 0 0 0 0 0 0 0 0 0 0 0 0 0 0 0 0 0 0 0 0 0 0 3.44 3.60 33 
41 03.07.2011 19:01:54 03.07.2011 15:01:54 967170 -5136201 3643618 35.0629258 -79.3358197 60.48 6.8 3D Yes 0 0 0 0 0 0 0 0 0 0 0 0 0 0 0 0 0 0 0 0 0 0 0 0 0 3.44 3.60 34 
42 03.07.2011 21:30:26 03.07.2011 17:30:26 967103 -5136103 3643818 35.0649643 -79.3363427 86.40 4.6 3D Yes 0 0 0 0 0 0 0 0 0 0 0 0 0 0 0 0 0 0 0 0 0 0 0 0 0 3.44 3.60 34 
43 04.07.2011 00:00:49 03.07.2011 20:00:49 967123 -5136133 3643796 35.0646301 -79.3361881 100.92 5.2 3D Yes 0 0 0 0 0 0 0 0 0 0 0 0 0 0 0 0 0 0 0 0 0 0 0 0 0 3.44 3.60 31 
44 04.07.2011 02:30:54 03.07.2011 22:30:54 967005 -5136175 3643788 35.0644704 -79.3375445 112.24 2.4 3D Yes 0 0 0 0 0 0 0 0 0 0 0 0 0 0 0 0 0 0 0 0 0 0 0 0 0 3.44 3.60 28 
45 04.07.2011 04:00:34 04.07.2011 00:00:34 967153 -5136315 3643505 35.0615283 -79.3362341 84.69 4.0 3D Yes 0 0 0 0 0 0 0 0 0 0 0 0 0 0 0 0 0 0 0 0 0 0 0 0 0 3.44 3.60 27 
46 04.07.2011 06:30:53 04.07.2011 02:30:53 967239 -5136279 3643571 35.0621160 -79.3352346 106.67 6.6 3D Yes 0 0 0 0 0 0 0 0 0 0 0 0 0 0 0 0 0 0 0 0 0 0 0 0 0 3.44 3.60 26 
47 04.07.2011 09:00:47 04.07.2011 05:00:47 966975 -5136139 3643807 35.0648226 -79.3377947 89.65 2.0 3D Yes 0 0 0 0 0 0 0 0 0 0 0 0 0 0 0 0 0 0 0 0 0 0 0 0 0 3.44 3.60 26 
48 04.07.2011 11:30:50 04.07.2011 07:30:50 967030 -5136170 3643751 35.0641990 -79.3372651 90.74 3.8 3D Yes 0 0 0 0 0 0 0 0 0 0 0 0 0 0 0 0 0 0 0 0 0 0 0 0 0 3.44 3.60 27 
49 04.07.2011 14:01:11 04.07.2011 10:01:11 966835 -5136114 3643882 35.0656372 -79.3392523 91.43 2.2 3D Yes 0 0 0 0 0 0 0 0 0 0 0 0 0 0 0 0 0 0 0 0 0 0 0 0 0 3.44 3.60 31 
50 04.07.2011 16:30:53 04.07.2011 12:30:53 966809 -5136047 3643839 35.0656859 -79.3393966 8.90 3.8 3D Yes 0 0 0 0 0 0 0 0 0 0 0 0 0 0 0 0 0 0 0 0 0 0 0 0 0 3.44 3.60 36 
51 04.07.2011 19:00:50 04.07.2011 15:00:50 966861 -5136105 3643880 35.0656434 -79.3389539 86.98 3.6 3D Yes 0 0 0 0 0 0 0 0 0 0 0 0 0 0 0 0 0 0 0 0 0 0 0 0 0 3.44 3.60 36 
52 04.07.2011 21:30:48 04.07.2011 17:30:48 966861 -5136109 3643868 35.0655345 -79.3389621 83.30 3.4 3D Yes 0 0 0 0 0 0 0 0 0 0 0 0 0 0 0 0 0 0 0 0 0 0 0 0 0 3.44 3.60 37 
53 05.07.2011 00:01:48 04.07.2011 20:01:48 966947 -5136125 3643841 35.0651715 -79.3380680 93.68 2.4 3D Yes 0 0 0 0 0 0 0 0 0 0 0 0 0 0 0 0 0 0 0 0 0 0 0 0 0 3.44 3.60 32 
54 05.07.2011 02:31:17 04.07.2011 22:31:17 966906 -5136257 3643691 35.0634324 -79.3387774 107.48 3.8 3D Yes 0 0 0 0 0 0 0 0 0 0 0 0 0 0 0 0 0 0 0 0 0 0 0 0 0 3.36 3.60 25 
55 05.07.2011 04:01:24 05.07.2011 00:01:24 967072 -5136279 3643608 35.0625490 -79.3370337 102.63 3.4 3D Yes 0 0 0 0 0 0 0 0 0 0 0 0 0 0 0 0 0 0 0 0 0 0 0 0 0 3.36 3.60 24 
56 05.07.2011 06:31:04 05.07.2011 02:31:04 967024 -5136059 3643931 35.0660976 -79.3371045 103.96 2.4 3D Yes 0 0 0 0 0 0 0 0 0 0 0 0 0 0 0 0 0 0 0 0 0 0 0 0 0 3.36 3.60 24 
57 05.07.2011 09:01:17 05.07.2011 05:01:17 966942 -5136178 3643814 35.0647074 -79.3382293 120.04 3.0 3D Yes 0 0 0 0 0 0 0 0 0 0 0 0 0 0 0 0 0 0 0 0 0 0 0 0 0 3.36 3.60 25 
58 05.07.2011 11:30:48 05.07.2011 07:30:48 966725 -5136139 3643880 35.0656006 -79.3404881 93.73 2.8 3D Yes 0 0 0 0 0 0 0 0 0 0 0 0 0 0 0 0 0 0 0 0 0 0 0 0 0 3.44 3.60 25 
59 05.07.2011 14:00:47 05.07.2011 10:00:47 966703 -5136123 3643883 35.0657253 -79.3406927 79.26 3.8 3D Yes 0 0 0 0 0 0 0 0 0 0 0 0 0 0 0 0 0 0 0 0 0 0 0 0 0 3.44 3.60 32 
60 05.07.2011 16:30:53 05.07.2011 12:30:53 966812 -5136112 3643892 35.0657432 -79.3394961 92.08 2.4 3D Yes 0 0 0 0 0 0 0 0 0 0 0 0 0 0 0 0 0 0 0 0 0 0 0 0 0 3.44 3.60 35 
61 05.07.2011 19:00:48 05.07.2011 15:00:48 966826 -5136119 3643885 35.0656426 -79.3393594 95.81 6.8 3D Yes 0 0 0 0 0 0 0 0 0 0 0 0 0 0 0 0 0 0 0 0 0 0 0 0 0 3.44 3.60 36 
62 05.07.2011 21:30:53 05.07.2011 17:30:53 966822 -5136184 3643810 35.0647623 -79.3395343 104.40 2.0 3D Yes 0 0 0 0 0 0 0 0 0 0 0 0 0 0 0 0 0 0 0 0 0 0 0 0 0 3.44 3.60 35 
63 06.07.2011 00:00:55 05.07.2011 20:00:55 967031 -5136091 3643829 35.0651755 -79.3370940 72.16 4.4 3D Yes 0 0 0 0 0 0 0 0 0 0 0 0 0 0 0 0 0 0 0 0 0 0 0 0 0 3.44 3.60 31 
64 06.07.2011 02:31:12 05.07.2011 22:31:12 966963 -5136166 3643715 35.0640179 -79.3379788 56.70 5.0 3D Yes 0 0 0 0 0 0 0 0 0 0 0 0 0 0 0 0 0 0 0 0 0 0 0 0 0 3.44 3.60 29 
65 06.07.2011 04:00:48 06.07.2011 00:00:48 966750 -5135952 3644084 35.0680334 -79.3398396 64.31 4.2 3D Yes 0 0 0 0 0 0 0 0 0 0 0 0 0 0 0 0 0 0 0 0 0 0 0 0 0 3.44 3.60 26 
66 06.07.2011 06:30:55 06.07.2011 02:30:55 967102 -5136342 3643561 35.0618529 -79.3368383 130.85 2.4 3D Yes 0 0 0 0 0 0 0 0 0 0 0 0 0 0 0 0 0 0 0 0 0 0 0 0 0 3.44 3.60 25 
67 06.07.2011 09:00:48 06.07.2011 05:00:48 966823 -5135980 3644079 35.0677841 -79.3391098 95.01 2.0 3D Yes 0 0 0 0 0 0 0 0 0 0 0 0 0 0 0 0 0 0 0 0 0 0 0 0 0 3.44 3.60 24 
68 06.07.2011 11:30:53 06.07.2011 07:30:53 966892 -5135923 3644124 35.0683400 -79.3382508 85.47 5.4 3D Yes 0 0 0 0 0 0 0 0 0 0 0 0 0 0 0 0 0 0 0 0 0 0 0 0 0 3.44 3.60 26 
69 06.07.2011 14:01:45 06.07.2011 10:01:45 966855 -5135916 3644151 35.0686103 -79.3386353 89.75 19.6 3D No 0 0 0 0 0 0 0 0 0 0 0 0 0 0 0 0 0 0 0 0 0 0 0 0 0 3.36 3.60 28 
70 06.07.2011 16:30:50 06.07.2011 12:30:50 966822 -5135929 3644140 35.0684946 -79.3390172 88.89 2.8 3D Yes 0 0 0 0 0 0 0 0 0 0 0 0 0 0 0 0 0 0 0 0 0 0 0 0 0 3.44 3.60 35 
71 06.07.2011 19:00:53 06.07.2011 15:00:53 966828 -5135933 3644101 35.0681808 -79.3389606 70.60 6.8 3D Yes 0 0 0 0 0 0 0 0 0 0 0 0 0 0 0 0 0 0 0 0 0 0 0 0 0 3.44 3.60 33 
72 06.07.2011 21:31:08 06.07.2011 17:31:08 966777 -5135829 3644130 35.0689729 -79.3392992 -4.11 5.0 3D Yes 0 0 0 0 0 0 0 0 0 0 0 0 0 0 0 0 0 0 0 0 0 0 0 0 0 3.44 3.60 25 
73 07.07.2011 00:02:03 06.07.2011 20:02:03 966941 -5136181 3643593 35.0630626 -79.3382462 -4.66 14.8 2D No 0 0 0 0 0 0 0 0 0 0 0 0 0 0 0 0 0 0 0 0 0 0 0 0 0 3.36 3.60 24 
74 07.07.2011 02:30:43 06.07.2011 22:30:43 967027 -5136326 3643502 35.0615709 -79.3376138 72.73 2.2 3D Yes 0 0 0 0 0 0 0 0 0 0 0 0 0 0 0 0 0 0 0 0 0 0 0 0 0 3.44 3.60 23 
75 07.07.2011 04:00:24 07.07.2011 00:00:24 967132 -5136308 3643537 35.0618201 -79.3364461 94.26 3.2 3D Yes 0 0 0 0 0 0 0 0 0 0 0 0 0 0 0 0 0 0 0 0 0 0 0 0 0 3.44 3.60 24 
76 07.07.2011 06:31:05 07.07.2011 02:31:05 966895 -5136189 3643772 35.0643865 -79.3387580 97.65 2.2 3D Yes 0 0 0 0 0 0 0 0 0 0 0 0 0 0 0 0 0 0 0 0 0 0 0 0 0 3.36 3.60 25 
77 07.07.2011 09:00:47 07.07.2011 05:00:47 966996 -5136088 3643865 35.0654899 -79.3374650 85.13 4.4 3D Yes 0 0 0 0 0 0 0 0 0 0 0 0 0 0 0 0 0 0 0 0 0 0 0 0 0 3.44 3.60 23 
78 07.07.2011 11:30:54 07.07.2011 07:30:54 966904 -5136010 3644013 35.0670669 -79.3382980 93.49 3.0 3D Yes 0 0 0 0 0 0 0 0 0 0 0 0 0 0 0 0 0 0 0 0 0 0 0 0 0 3.44 3.60 25 
79 07.07.2011 14:01:11 07.07.2011 10:01:11 966819 -5135943 3644136 35.0683967 -79.3390779 97.39 2.8 3D Yes 0 0 0 0 0 0 0 0 0 0 0 0 0 0 0 0 0 0 0 0 0 0 0 0 0 3.44 3.60 27 
80 07.07.2011 16:31:46 07.07.2011 12:31:46 966847 -5135913 3644132 35.0684930 -79.3387154 75.21 2.4 3D Yes 0 0 0 0 0 0 0 0 0 0 0 0 0 0 0 0 0 0 0 0 0 0 0 0 0 3.44 3.60 33 
81 07.07.2011 19:01:23 07.07.2011 15:01:23 966803 -5135971 3644199 35.0687343 -79.3393071 153.69 7.6 3D Yes 0 0 0 0 0 0 0 0 0 0 0 0 0 0 0 0 0 0 0 0 0 0 0 0 0 3.44 3.60 35 
82 07.07.2011 21:30:54 07.07.2011 17:30:54 966718 -5135930 3644222 35.0691941 -79.3401397 121.06 2.6 3D Yes 0 0 0 0 0 0 0 0 0 0 0 0 0 0 0 0 0 0 0 0 0 0 0 0 0 3.44 3.60 35 
83 08.07.2011 00:01:53 07.07.2011 20:01:53 966658 -5135998 3644078 35.0678431 -79.3409241 83.93 3.2 3D Yes 0 0 0 0 0 0 0 0 0 0 0 0 0 0 0 0 0 0 0 0 0 0 0 0 0 3.44 3.60 30 
84 08.07.2011 02:30:53 07.07.2011 22:30:53 966976 -5136086 3643868 35.0655414 -79.3376764 82.22 3.0 3D Yes 0 0 0 0 0 0 0 0 0 0 0 0 0 0 0 0 0 0 0 0 0 0 0 0 0 3.44 3.60 27 
85 08.07.2011 04:00:53 08.07.2011 00:00:53 967001 -5136168 3643750 35.0642296 -79.3375734 84.17 3.4 3D Yes 0 0 0 0 0 0 0 0 0 0 0 0 0 0 0 0 0 0 0 0 0 0 0 0 0 3.44 3.60 27 
86 08.07.2011 06:31:18 08.07.2011 02:31:18 967137 -5136210 3643664 35.0632510 -79.3361934 89.14 3.2 3D Yes 0 0 0 0 0 0 0 0 0 0 0 0 0 0 0 0 0 0 0 0 0 0 0 0 0 3.44 3.60 28 
87 08.07.2011 09:01:01 08.07.2011 05:01:01 967140 -5136260 3643590 35.0624478 -79.3362626 87.31 2.2 3D Yes 0 0 0 0 0 0 0 0 0 0 0 0 0 0 0 0 0 0 0 0 0 0 0 0 0 3.44 3.60 27 
88 08.07.2011 11:31:12 08.07.2011 07:31:12 967089 -5136070 3643890 35.0656768 -79.3364266 99.10 2.4 3D Yes 0 0 0 0 0 0 0 0 0 0 0 0 0 0 0 0 0 0 0 0 0 0 0 0 0 3.44 3.60 26 
89 08.07.2011 14:01:18 08.07.2011 10:01:18 966870 -5136015 3644003 35.0670002 -79.3386744 86.61 3.4 3D Yes 0 0 0 0 0 0 0 0 0 0 0 0 0 0 0 0 0 0 0 0 0 0 0 0 0 3.44 3.60 33 
90 08.07.2011 16:30:53 08.07.2011 12:30:53 966814 -5135924 3644132 35.0684687 -79.3390932 79.06 2.6 3D Yes 0 0 0 0 0 0 0 0 0 0 0 0 0 0 0 0 0 0 0 0 0 0 0 0 0 3.44 3.60 33 
91 08.07.2011 19:00:48 08.07.2011 15:00:48 966678 -5135913 3644175 35.0689722 -79.3405362 74.32 4.4 3D Yes 0 0 0 0 0 0 0 0 0 0 0 0 0 0 0 0 0 0 0 0 0 0 0 0 0 3.44 3.60 35 
92 08.07.2011 21:30:44 08.07.2011 17:30:44 966556 -5135985 3644177 35.0687374 -79.3419967 114.92 6.2 3D Yes 0 0 0 0 0 0 0 0 0 0 0 0 0 0 0 0 0 0 0 0 0 0 0 0 0 3.44 3.60 32 
93 09.07.2011 00:01:53 08.07.2011 20:01:53 966824 -5136120 3643875 35.0655656 -79.3393830 90.57 3.0 3D Yes 0 0 0 0 0 0 0 0 0 0 0 0 0 0 0 0 0 0 0 0 0 0 0 0 0 3.44 3.60 29 
94 09.07.2011 02:31:23 08.07.2011 22:31:23 967085 -5136055 3643892 35.0657717 -79.3364392 87.58 4.0 3D Yes 0 0 0 0 0 0 0 0 0 0 0 0 0 0 0 0 0 0 0 0 0 0 0 0 0 3.36 3.60 27 
95 09.07.2011 04:01:23 09.07.2011 00:01:23 967121 -5136027 3643888 35.0658502 -79.3359946 68.21 5.0 3D Yes 0 0 0 0 0 0 0 0 0 0 0 0 0 0 0 0 0 0 0 0 0 0 0 0 0 3.44 3.60 29 
96 09.07.2011 06:31:23 09.07.2011 02:31:23 967293 -5136390 3643329 35.0597140 -79.3348780 65.12 3.0 3D Yes 0 0 0 0 0 0 0 0 0 0 0 0 0 0 0 0 0 0 0 0 0 0 0 0 0 3.36 3.60 25 
97 09.07.2011 09:01:38 09.07.2011 05:01:38 967010 -5136256 3643601 35.0626738 -79.3376550 70.72 3.8 3D Yes 0 0 0 0 0 0 0 0 0 0 0 0 0 0 0 0 0 0 0 0 0 0 0 0 0 3.36 3.60 24 
98 09.07.2011 11:31:47 09.07.2011 07:31:47 967006 -5136091 3643826 35.0651773 -79.3373634 66.65 2.2 2D No 0 0 0 0 0 0 0 0 0 0 0 0 0 0 0 0 0 0 0 0 0 0 0 0 0 3.36 3.60 26 
99 09.07.2011 14:01:53 09.07.2011 10:01:53 967026 -5135894 3644115 35.0682928 -79.3367483 77.26 2.8 3D Yes 0 0 0 0 0 0 0 0 0 0 0 0 0 0 0 0 0 0 0 0 0 0 0 0 0 3.36 3.60 27 
100 09.07.2011 16:31:45 09.07.2011 12:31:45 967013 -5135904 3644148 35.0684978 -79.3369086 102.30 4.2 3D Yes 0 0 0 0 0 0 0 0 0 0 0 0 0 0 0 0 0 0 0 0 0 0 0 0 0 3.44 3.60 30 
101 09.07.2011 19:00:44 09.07.2011 15:00:44 967042 -5135828 3644156 35.0689159 -79.3364420 50.16 6.0 3D Yes 0 0 0 0 0 0 0 0 0 0 0 0 0 0 0 0 0 0 0 0 0 0 0 0 0 3.44 3.60 31 
102 09.07.2011 21:30:55 09.07.2011 17:30:55 966988 -5135883 3644212 35.0691008 -79.3371354 118.39 1.8 3D Yes 0 0 0 0 0 0 0 0 0 0 0 0 0 0 0 0 0 0 0 0 0 0 0 0 0 3.44 3.60 32 
103 10.07.2011 00:01:42 09.07.2011 20:01:42 966754 -5135906 3644175 35.0689350 -79.3397032 80.20 2.6 3D Yes 0 0 0 0 0 0 0 0 0 0 0 0 0 0 0 0 0 0 0 0 0 0 0 0 0 3.44 3.60 29 
104 10.07.2011 02:30:53 09.07.2011 22:30:53 967110 -5136046 3643865 35.0655944 -79.3361516 68.61 2.4 3D Yes 0 0 0 0 0 0 0 0 0 0 0 0 0 0 0 0 0 0 0 0 0 0 0 0 0 3.44 3.60 28 
105 10.07.2011 04:00:39 10.07.2011 00:00:39 967018 -5136166 3643734 35.0641054 -79.3373862 75.94 2.6 3D Yes 0 0 0 0 0 0 0 0 0 0 0 0 0 0 0 0 0 0 0 0 0 0 0 0 0 3.44 3.60 27 
106 10.07.2011 06:31:47 10.07.2011 02:31:47 967091 -5136228 3643629 35.0629453 -79.3367255 76.55 3.0 3D Yes 0 0 0 0 0 0 0 0 0 0 0 0 0 0 0 0 0 0 0 0 0 0 0 0 0 3.36 3.60 27 
107 10.07.2011 09:00:43 10.07.2011 05:00:43 967313 -5136333 3643440 35.0608038 -79.3345469 86.06 6.0 3D Yes 0 0 0 0 0 0 0 0 0 0 0 0 0 0 0 0 0 0 0 0 0 0 0 0 0 3.44 3.60 26 
108 10.07.2011 11:30:44 10.07.2011 07:30:44 967256 -5136391 3643404 35.0602977 -79.3352786 103.41 2.6 3D Yes 0 0 0 0 0 0 0 0 0 0 0 0 0 0 0 0 0 0 0 0 0 0 0 0 0 3.44 3.60 28 
109 10.07.2011 14:01:23 10.07.2011 10:01:23 967239 -5136344 3643477 35.0610918 -79.3353664 104.96 2.6 3D Yes 0 0 0 0 0 0 0 0 0 0 0 0 0 0 0 0 0 0 0 0 0 0 0 0 0 3.44 3.60 31 
110 10.07.2011 16:30:53 10.07.2011 12:30:53 967222 -5136334 3643482 35.0611958 -79.3355293 97.21 3.8 3D Yes 0 0 0 0 0 0 0 0 0 0 0 0 0 0 0 0 0 0 0 0 0 0 0 0 0 3.44 3.60 37 
111 10.07.2011 19:01:12 10.07.2011 15:01:12 967257 -5136335 3643461 35.0610023 -79.3351542 91.25 5.2 3D Yes 0 0 0 0 0 0 0 0 0 0 0 0 0 0 0 0 0 0 0 0 0 0 0 0 0 3.44 3.60 35 
112 10.07.2011 21:31:23 10.07.2011 17:31:23 967165 -5136308 3643543 35.0618328 -79.3360906 102.70 7.2 3D Yes 0 0 0 0 0 0 0 0 0 0 0 0 0 0 0 0 0 0 0 0 0 0 0 0 0 3.44 3.60 33 
113 11.07.2011 00:00:53 10.07.2011 20:00:53 967124 -5136266 3643581 35.0623662 -79.3364471 84.54 1.6 3D Yes 0 0 0 0 0 0 0 0 0 0 0 0 0 0 0 0 0 0 0 0 0 0 0 0 0 3.44 3.60 31 
114 11.07.2011 02:30:53 10.07.2011 22:30:53 966836 -5136199 3643731 35.0640897 -79.3394139 73.20 4.2 3D Yes 0 0 0 0 0 0 0 0 0 0 0 0 0 0 0 0 0 0 0 0 0 0 0 0 0 3.44 3.60 28 
115 11.07.2011 04:01:12 11.07.2011 00:01:12 966901 -5136181 3643796 35.0645986 -79.3386771 105.91 5.6 3D Yes 0 0 0 0 0 0 0 0 0 0 0 0 0 0 0 0 0 0 0 0 0 0 0 0 0 3.44 3.60 28 
116 11.07.2011 06:31:24 11.07.2011 02:31:24 967200 -5136311 3643513 35.0615627 -79.3357196 93.18 2.0 3D Yes 0 0 0 0 0 0 0 0 0 0 0 0 0 0 0 0 0 0 0 0 0 0 0 0 0 3.36 3.60 26 
117 11.07.2011 09:00:41 11.07.2011 05:00:41 967147 -5136249 3643630 35.0627921 -79.3361648 102.50 2.4 3D Yes 0 0 0 0 0 0 0 0 0 0 0 0 0 0 0 0 0 0 0 0 0 0 0 0 0 3.44 3.60 24 
118 11.07.2011 11:30:50 11.07.2011 07:30:50 967220 -5135972 3643921 35.0662787 -79.3348164 57.92 3.4 3D Yes 0 0 0 0 0 0 0 0 0 0 0 0 0 0 0 0 0 0 0 0 0 0 0 0 0 3.44 3.60 26 
119 11.07.2011 14:01:18 11.07.2011 10:01:18 967241 -5135870 3644068 35.0678622 -79.3343832 63.52 3.4 3D Yes 0 0 0 0 0 0 0 0 0 0 0 0 0 0 0 0 0 0 0 0 0 0 0 0 0 3.44 3.60 29 
120 11.07.2011 16:30:43 11.07.2011 12:30:43 967277 -5135876 3644078 35.0678709 -79.3340075 79.54 4.2 3D Yes 0 0 0 0 0 0 0 0 0 0 0 0 0 0 0 0 0 0 0 0 0 0 0 0 0 3.44 3.60 33 
121 11.07.2011 19:01:24 11.07.2011 15:01:24 967169 -5136015 3643891 35.0658874 -79.3354531 67.55 7.6 3D Yes 0 0 0 0 0 0 0 0 0 0 0 0 0 0 0 0 0 0 0 0 0 0 0 0 0 3.44 3.60 36 
122 11.07.2011 21:30:39 11.07.2011 17:30:39 967082 -5136065 3643868 35.0655467 -79.3364918 81.38 1.6 3D Yes 0 0 0 0 0 0 0 0 0 0 0 0 0 0 0 0 0 0 0 0 0 0 0 0 0 3.44 3.60 34 
123 12.07.2011 00:02:47 11.07.2011 20:02:47 966994 -5136100 3643869 35.0654602 -79.3375109 96.78 3.2 3D No 0 0 0 0 0 0 0 0 0 0 0 0 0 0 0 0 0 0 0 0 0 0 0 0 0 3.44 3.60 32 
124 12.07.2011 02:30:49 11.07.2011 22:30:49 967172 -5136307 3643501 35.0615213 -79.3360132 78.83 3.6 3D Yes 0 0 0 0 0 0 0 0 0 0 0 0 0 0 0 0 0 0 0 0 0 0 0 0 0 3.44 3.60 29 
125 12.07.2011 04:01:12 12.07.2011 00:01:12 967229 -5136323 3643526 35.0615697 -79.3354315 114.70 9.8 3D No 0 0 0 0 0 0 0 0 0 0 0 0 0 0 0 0 0 0 0 0 0 0 0 0 0 3.44 3.60 29 
126 12.07.2011 06:31:37 12.07.2011 02:31:37 967122 -5136351 3643456 35.0610133 -79.3366411 80.80 6.2 3D No 0 0 0 0 0 0 0 0 0 0 0 0 0 0 0 0 0 0 0 0 0 0 0 0 0 3.36 3.60 27 
127 12.07.2011 09:00:53 12.07.2011 05:00:53 966920 -5136219 3643745 35.0640107 -79.3385495 110.05 2.8 3D Yes 0 0 0 0 0 0 0 0 0 0 0 0 0 0 0 0 0 0 0 0 0 0 0 0 0 3.44 3.60 29 
128 12.07.2011 11:30:42 12.07.2011 07:30:42 966735 -5136145 3643884 35.0655900 -79.3403926 102.37 2.0 3D Yes 0 0 0 0 0 0 0 0 0 0 0 0 0 0 0 0 0 0 0 0 0 0 0 0 0 3.44 3.60 29 
129 12.07.2011 14:00:53 12.07.2011 10:00:53 966647 -5136179 3643876 35.0654423 -79.3414096 111.80 3.4 3D Yes 0 0 0 0 0 0 0 0 0 0 0 0 0 0 0 0 0 0 0 0 0 0 0 0 0 3.44 3.60 33 
130 12.07.2011 16:30:51 12.07.2011 12:30:51 966363 -5136127 3644006 35.0669380 -79.3443639 101.68 3.2 3D Yes 0 0 0 0 0 0 0 0 0 0 0 0 0 0 0 0 0 0 0 0 0 0 0 0 0 3.44 3.60 37 
131 12.07.2011 19:00:47 12.07.2011 15:00:47 966364 -5136116 3643990 35.0668749 -79.3443309 83.79 4.6 3D Yes 0 0 0 0 0 0 0 0 0 0 0 0 0 0 0 0 0 0 0 0 0 0 0 0 0 3.44 3.60 38 
132 12.07.2011 21:31:13 12.07.2011 17:31:13 966325 -5135942 3644305 35.0701217 -79.3443983 118.91 4.0 3D Yes 0 0 0 0 0 0 0 0 0 0 0 0 0 0 0 0 0 0 0 0 0 0 0 0 0 3.44 3.60 35 
133 13.07.2011 00:03:00 12.07.2011 20:03:00 966528 -5135803 3644439 35.0716233 -79.3419293 114.83 3.2 3D No 0 0 0 0 0 0 0 0 0 0 0 0 0 0 0 0 0 0 0 0 0 0 0 0 0 3.44 3.60 33 
134 13.07.2011 02:31:03 12.07.2011 22:31:03 967024 -5135983 3643993 35.0669417 -79.3369504 78.45 3.0 3D Yes 0 0 0 0 0 0 0 0 0 0 0 0 0 0 0 0 0 0 0 0 0 0 0 0 0 3.44 3.60 29 
135 13.07.2011 04:00:54 13.07.2011 00:00:54 967065 -5136043 3643926 35.0661028 -79.3366304 94.43 4.4 3D Yes 0 0 0 0 0 0 0 0 0 0 0 0 0 0 0 0 0 0 0 0 0 0 0 0 0 3.44 3.60 30 
136 13.07.2011 06:30:54 13.07.2011 02:30:54 966972 -5136101 3643858 35.0653951 -79.3377500 87.93 3.0 3D Yes 0 0 0 0 0 0 0 0 0 0 0 0 0 0 0 0 0 0 0 0 0 0 0 0 0 3.44 3.60 30 
137 13.07.2011 09:00:56 13.07.2011 05:00:56 967113 -5136227 3643578 35.0625530 -79.3364865 49.78 5.4 3D Yes 0 0 0 0 0 0 0 0 0 0 0 0 0 0 0 0 0 0 0 0 0 0 0 0 0 3.44 3.60 28 
138 13.07.2011 11:30:54 13.07.2011 07:30:54 966881 -5135917 3644109 35.0682704 -79.3383572 70.36 3.2 3D Yes 0 0 0 0 0 0 0 0 0 0 0 0 0 0 0 0 0 0 0 0 0 0 0 0 0 3.44 3.60 27 
139 13.07.2011 14:01:24 13.07.2011 10:01:24 966891 -5135923 3644130 35.0683852 -79.3382616 88.76 2.2 3D Yes 0 0 0 0 0 0 0 0 0 0 0 0 0 0 0 0 0 0 0 0 0 0 0 0 0 3.44 3.60 31 
140 13.07.2011 16:30:57 13.07.2011 12:30:57 966887 -5135865 3644117 35.0685884 -79.3381870 34.04 3.2 3D Yes 0 0 0 0 0 0 0 0 0 0 0 0 0 0 0 0 0 0 0 0 0 0 0 0 0 3.44 3.60 32 
141 13.07.2011 19:00:53 13.07.2011 15:00:53 966869 -5135856 3644207 35.0693154 -79.3383627 75.78 5.2 3D Yes 0 0 0 0 0 0 0 0 0 0 0 0 0 0 0 0 0 0 0 0 0 0 0 0 0 3.44 3.60 37 
142 13.07.2011 21:30:53 13.07.2011 17:30:53 966909 -5135843 3644236 35.0695571 -79.3379054 88.04 2.0 3D Yes 0 0 0 0 0 0 0 0 0 0 0 0 0 0 0 0 0 0 0 0 0 0 0 0 0 3.44 3.60 32 
143 14.07.2011 00:03:03 13.07.2011 20:03:03 966918 -5135858 3644216 35.0693246 -79.3378389 89.98 3.6 2D No 0 0 0 0 0 0 0 0 0 0 0 0 0 0 0 0 0 0 0 0 0 0 0 0 0 3.36 3.60 25 
144 14.07.2011 02:32:32 13.07.2011 22:32:32 966512 -5135579 3644711 35.0747853 -79.3416475 88.54 4.6 2D No 0 0 0 0 0 0 0 0 0 0 0 0 0 0 0 0 0 0 0 0 0 0 0 0 0 3.36 3.60 24 
145 14.07.2011 04:00:54 14.07.2011 00:00:54 966537 -5135738 3644527 35.0725947 -79.3417005 114.48 8.8 3D Yes 0 0 0 0 0 0 0 0 0 0 0 0 0 0 0 0 0 0 0 0 0 0 0 0 0 3.44 3.60 25 
146 14.07.2011 06:30:53 14.07.2011 02:30:53 966754 -5135515 3644752 35.0751817 -79.3389101 97.26 3.0 3D Yes 0 0 0 0 0 0 0 0 0 0 0 0 0 0 0 0 0 0 0 0 0 0 0 0 0 3.44 3.60 25 
147 14.07.2011 09:00:47 14.07.2011 05:00:47 966752 -5135741 3644411 35.0715177 -79.3393901 82.78 1.8 3D Yes 0 0 0 0 0 0 0 0 0 0 0 0 0 0 0 0 0 0 0 0 0 0 0 0 0 3.44 3.60 24 
148 14.07.2011 11:30:53 14.07.2011 07:30:53 966814 -5135825 3644282 35.0700791 -79.3388924 85.61 6.0 3D Yes 0 0 0 0 0 0 0 0 0 0 0 0 0 0 0 0 0 0 0 0 0 0 0 0 0 3.44 3.60 25 
149 14.07.2011 14:01:55 14.07.2011 10:01:55 966855 -5135918 3644145 35.0685558 -79.3386393 87.91 11.6 3D No 0 0 0 0 0 0 0 0 0 0 0 0 0 0 0 0 0 0 0 0 0 0 0 0 0 3.36 3.60 25 
150 14.07.2011 16:31:24 14.07.2011 12:31:24 966835 -5135913 3644136 35.0685341 -79.3388447 75.69 3.2 3D Yes 0 0 0 0 0 0 0 0 0 0 0 0 0 0 0 0 0 0 0 0 0 0 0 0 0 3.44 3.60 31 
151 14.07.2011 19:00:41 14.07.2011 15:00:41 966822 -5135918 3644124 35.0684325 -79.3389949 70.85 4.2 3D Yes 0 0 0 0 0 0 0 0 0 0 0 0 0 0 0 0 0 0 0 0 0 0 0 0 0 3.44 3.60 32 
152 14.07.2011 21:31:05 14.07.2011 17:31:05 966843 -5135948 3644089 35.0680015 -79.3388295 78.05 2.4 3D Yes 0 0 0 0 0 0 0 0 0 0 0 0 0 0 0 0 0 0 0 0 0 0 0 0 0 3.44 3.60 31 
153 15.07.2011 00:02:53 14.07.2011 20:02:53 967157 -5136180 3643681 35.0635099 -79.3359171 77.81 3.4 3D Yes 0 0 0 0 0 0 0 0 0 0 0 0 0 0 0 0 0 0 0 0 0 0 0 0 0 3.36 3.60 28 
154 15.07.2011 02:31:09 14.07.2011 22:31:09 967139 -5136341 3643469 35.0611438 -79.3364376 82.80 3.0 3D Yes 0 0 0 0 0 0 0 0 0 0 0 0 0 0 0 0 0 0 0 0 0 0 0 0 0 3.44 3.60 27 
155 15.07.2011 04:01:15 15.07.2011 00:01:15 967091 -5136290 3643547 35.0620248 -79.3368513 79.31 3.4 3D Yes 0 0 0 0 0 0 0 0 0 0 0 0 0 0 0 0 0 0 0 0 0 0 0 0 0 3.44 3.60 26 
156 15.07.2011 06:31:40 15.07.2011 02:31:40 967028 -5136232 3643651 35.0631476 -79.3374124 82.86 5.0 3D No 0 0 0 0 0 0 0 0 0 0 0 0 0 0 0 0 0 0 0 0 0 0 0 0 0 3.36 3.60 25 
157 15.07.2011 09:00:43 15.07.2011 05:00:43 966784 -5136000 3644032 35.0673729 -79.3395706 78.19 3.8 3D Yes 0 0 0 0 0 0 0 0 0 0 0 0 0 0 0 0 0 0 0 0 0 0 0 0 0 3.44 3.60 22 
158 15.07.2011 11:30:53 15.07.2011 07:30:53 966728 -5135876 3644244 35.0696216 -79.3399225 91.78 2.2 3D Yes 0 0 0 0 0 0 0 0 0 0 0 0 0 0 0 0 0 0 0 0 0 0 0 0 0 3.44 3.60 24 
159 15.07.2011 14:01:12 15.07.2011 10:01:12 966728 -5135881 3644237 35.0695445 -79.3399326 91.78 2.8 3D Yes 0 0 0 0 0 0 0 0 0 0 0 0 0 0 0 0 0 0 0 0 0 0 0 0 0 3.44 3.60 28 
160 15.07.2011 16:31:24 15.07.2011 12:31:24 966684 -5135865 3644267 35.0698894 -79.3403742 89.48 2.2 3D Yes 0 0 0 0 0 0 0 0 0 0 0 0 0 0 0 0 0 0 0 0 0 0 0 0 0 3.44 3.60 34 
161 15.07.2011 19:00:53 15.07.2011 15:00:53 966593 -5135864 3644306 35.0702694 -79.3413527 97.31 3.4 3D Yes 0 0 0 0 0 0 0 0 0 0 0 0 0 0 0 0 0 0 0 0 0 0 0 0 0 3.44 3.60 32 
162 15.07.2011 21:30:55 15.07.2011 17:30:55 966516 -5135719 3644574 35.0730582 -79.3418883 123.02 6.4 3D Yes 0 0 0 0 0 0 0 0 0 0 0 0 0 0 0 0 0 0 0 0 0 0 0 0 0 3.44 3.60 32 
163 16.07.2011 00:00:54 15.07.2011 20:00:54 966757 -5135762 3644399 35.0713175 -79.3393788 93.54 2.6 3D Yes 0 0 0 0 0 0 0 0 0 0 0 0 0 0 0 0 0 0 0 0 0 0 0 0 0 3.44 3.60 28 
164 16.07.2011 02:32:09 15.07.2011 22:32:09 967227 -5136198 3643665 35.0632332 -79.3351995 93.70 3.2 2D No 0 0 0 0 0 0 0 0 0 0 0 0 0 0 0 0 0 0 0 0 0 0 0 0 0 3.36 3.60 26 
165 16.07.2011 04:00:54 16.07.2011 00:00:54 967324 -5136312 3643524 35.0615199 -79.3343858 119.09 1.8 3D Yes 0 0 0 0 0 0 0 0 0 0 0 0 0 0 0 0 0 0 0 0 0 0 0 0 0 3.44 3.60 27 
166 16.07.2011 06:30:47 16.07.2011 02:30:47 967086 -5136277 3643576 35.0623097 -79.3368788 84.76 3.0 3D Yes 0 0 0 0 0 0 0 0 0 0 0 0 0 0 0 0 0 0 0 0 0 0 0 0 0 3.44 3.60 24 
167 16.07.2011 09:01:08 16.07.2011 05:01:08 967079 -5136293 3643521 35.0618292 -79.3369867 64.97 4.2 3D Yes 0 0 0 0 0 0 0 0 0 0 0 0 0 0 0 0 0 0 0 0 0 0 0 0 0 3.44 3.60 25 
168 16.07.2011 11:30:43 16.07.2011 07:30:43 966929 -5136319 3643575 35.0622390 -79.3386554 94.19 2.2 3D Yes 0 0 0 0 0 0 0 0 0 0 0 0 0 0 0 0 0 0 0 0 0 0 0 0 0 3.44 3.60 24 
169 16.07.2011 14:01:24 16.07.2011 10:01:24 966944 -5136305 3643585 35.0623697 -79.3384654 90.95 2.2 3D Yes 0 0 0 0 0 0 0 0 0 0 0 0 0 0 0 0 0 0 0 0 0 0 0 0 0 3.44 3.60 28 
170 16.07.2011 16:30:56 16.07.2011 12:30:56 966999 -5136276 3643632 35.0628113 -79.3378140 102.95 5.2 3D Yes 0 0 0 0 0 0 0 0 0 0 0 0 0 0 0 0 0 0 0 0 0 0 0 0 0 3.44 3.60 33 
171 16.07.2011 19:00:53 16.07.2011 15:00:53 966987 -5136261 3643619 35.0628032 -79.3379129 81.60 3.2 3D Yes 0 0 0 0 0 0 0 0 0 0 0 0 0 0 0 0 0 0 0 0 0 0 0 0 0 3.44 3.60 34 
172 16.07.2011 21:30:55 16.07.2011 17:30:55 966940 -5136275 3643641 35.0629393 -79.3384476 98.38 3.4 3D Yes 0 0 0 0 0 0 0 0 0 0 0 0 0 0 0 0 0 0 0 0 0 0 0 0 0 3.44 3.60 32 
173 17.07.2011 00:01:42 16.07.2011 20:01:42 966973 -5136278 3643618 35.0627227 -79.3380982 92.58 2.6 3D Yes 0 0 0 0 0 0 0 0 0 0 0 0 0 0 0 0 0 0 0 0 0 0 0 0 0 3.44 3.60 29 
174 17.07.2011 02:31:37 16.07.2011 22:31:37 967098 -5136202 3643666 35.0633439 -79.3365974 77.95 3.2 3D Yes 0 0 0 0 0 0 0 0 0 0 0 0 0 0 0 0 0 0 0 0 0 0 0 0 0 3.36 3.60 24 
175 17.07.2011 04:01:53 17.07.2011 00:01:53 967083 -5136053 3643895 35.0658060 -79.3364567 87.39 3.4 3D Yes 0 0 0 0 0 0 0 0 0 0 0 0 0 0 0 0 0 0 0 0 0 0 0 0 0 3.36 3.60 24 
176 17.07.2011 06:30:52 17.07.2011 02:30:52 966896 -5136012 3643995 35.0669316 -79.3383882 83.54 4.4 3D Yes 0 0 0 0 0 0 0 0 0 0 0 0 0 0 0 0 0 0 0 0 0 0 0 0 0 3.36 3.60 22 
177 17.07.2011 09:01:23 17.07.2011 05:01:23 966677 -5135964 3644108 35.0682193 -79.3406504 76.70 2.4 3D Yes 0 0 0 0 0 0 0 0 0 0 0 0 0 0 0 0 0 0 0 0 0 0 0 0 0 3.36 3.60 21 
178 17.07.2011 11:30:56 17.07.2011 07:30:56 966846 -5135942 3644070 35.0678890 -79.3387850 62.76 2.2 3D Yes 0 0 0 0 0 0 0 0 0 0 0 0 0 0 0 0 0 0 0 0 0 0 0 0 0 3.36 3.60 21 
179 17.07.2011 14:00:56 17.07.2011 10:00:56 966891 -5135928 3644131 35.0683672 -79.3382717 93.36 5.4 3D Yes 0 0 0 0 0 0 0 0 0 0 0 0 0 0 0 0 0 0 0 0 0 0 0 0 0 3.44 3.60 27 
180 17.07.2011 16:30:54 17.07.2011 12:30:54 966893 -5135921 3644115 35.0682828 -79.3382360 78.84 2.8 3D Yes 0 0 0 0 0 0 0 0 0 0 0 0 0 0 0 0 0 0 0 0 0 0 0 0 0 3.44 3.60 30 
181 17.07.2011 19:00:54 17.07.2011 15:00:54 967033 -5135968 3644016 35.0671791 -79.3368230 80.96 1.8 3D Yes 0 0 0 0 0 0 0 0 0 0 0 0 0 0 0 0 0 0 0 0 0 0 0 0 0 3.44 3.60 34 
182 17.07.2011 21:30:49 17.07.2011 17:30:49 967165 -5136070 3643867 35.0654343 -79.3356078 97.40 4.4 3D Yes 0 0 0 0 0 0 0 0 0 0 0 0 0 0 0 0 0 0 0 0 0 0 0 0 0 3.44 3.60 31 
183 18.07.2011 00:00:48 17.07.2011 20:00:48 967048 -5136100 3643885 35.0655265 -79.3369291 114.15 2.8 3D Yes 0 0 0 0 0 0 0 0 0 0 0 0 0 0 0 0 0 0 0 0 0 0 0 0 0 3.44 3.60 30 
184 18.07.2011 02:31:12 17.07.2011 22:31:12 966926 -5136199 3643728 35.0639813 -79.3384443 85.11 4.4 3D Yes 0 0 0 0 0 0 0 0 0 0 0 0 0 0 0 0 0 0 0 0 0 0 0 0 0 3.36 3.60 25 
185 18.07.2011 04:00:41 18.07.2011 00:00:41 966713 -5136143 3643873 35.0655401 -79.3406255 91.11 2.6 3D Yes 0 0 0 0 0 0 0 0 0 0 0 0 0 0 0 0 0 0 0 0 0 0 0 0 0 3.44 3.60 25 
186 18.07.2011 06:31:17 18.07.2011 02:31:17 966821 -5136231 3643745 35.0640445 -79.3396404 104.71 2.8 3D Yes 0 0 0 0 0 0 0 0 0 0 0 0 0 0 0 0 0 0 0 0 0 0 0 0 0 3.36 3.60 25 
187 18.07.2011 09:01:30 18.07.2011 05:01:30 966984 -5136390 3643461 35.0609840 -79.3382068 94.15 2.6 3D Yes 0 0 0 0 0 0 0 0 0 0 0 0 0 0 0 0 0 0 0 0 0 0 0 0 0 3.36 3.60 22 
188 18.07.2011 11:30:43 18.07.2011 07:30:43 966922 -5136284 3643605 35.0626452 -79.3386598 82.21 5.0 3D Yes 0 0 0 0 0 0 0 0 0 0 0 0 0 0 0 0 0 0 0 0 0 0 0 0 0 3.44 3.60 24 
189 18.07.2011 14:01:17 18.07.2011 10:01:17 966889 -5136294 3643661 35.0630390 -79.3390356 117.43 2.2 3D Yes 0 0 0 0 0 0 0 0 0 0 0 0 0 0 0 0 0 0 0 0 0 0 0 0 0 3.44 3.60 29 
190 18.07.2011 16:30:47 18.07.2011 12:30:47 966894 -5136276 3643667 35.0631701 -79.3389452 107.16 3.8 3D Yes 0 0 0 0 0 0 0 0 0 0 0 0 0 0 0 0 0 0 0 0 0 0 0 0 0 3.44 3.60 32 
191 18.07.2011 19:00:47 18.07.2011 15:00:47 966872 -5136312 3643617 35.0626391 -79.3392552 104.06 4.4 3D Yes 0 0 0 0 0 0 0 0 0 0 0 0 0 0 0 0 0 0 0 0 0 0 0 0 0 3.44 3.60 33 
192 18.07.2011 21:30:53 18.07.2011 17:30:53 966880 -5136312 3643625 35.0626905 -79.3391691 109.87 6.2 3D Yes 0 0 0 0 0 0 0 0 0 0 0 0 0 0 0 0 0 0 0 0 0 0 0 0 0 3.44 3.60 33 
193 19.07.2011 00:00:50 18.07.2011 20:00:50 966745 -5136367 3643583 35.0622300 -79.3407350 109.54 2.6 3D Yes 0 0 0 0 0 0 0 0 0 0 0 0 0 0 0 0 0 0 0 0 0 0 0 0 0 3.44 3.60 30 
194 19.07.2011 02:31:30 18.07.2011 22:31:30 966531 -5135605 3644693 35.0745020 -79.3414955 101.99 4.4 3D Yes 0 0 0 0 0 0 0 0 0 0 0 0 0 0 0 0 0 0 0 0 0 0 0 0 0 3.36 3.60 26 
195 19.07.2011 04:00:57 19.07.2011 00:00:57 966639 -5135628 3644666 35.0740823 -79.3403784 121.32 9.6 3D Yes 0 0 0 0 0 0 0 0 0 0 0 0 0 0 0 0 0 0 0 0 0 0 0 0 0 3.44 3.60 26 
196 19.07.2011 06:30:43 19.07.2011 02:30:43 966848 -5135786 3644331 35.0706065 -79.3384470 87.55 4.2 3D Yes 0 0 0 0 0 0 0 0 0 0 0 0 0 0 0 0 0 0 0 0 0 0 0 0 0 3.44 3.60 24 
197 19.07.2011 09:01:22 19.07.2011 05:01:22 966836 -5135907 3644180 35.0688882 -79.3388217 96.29 1.8 3D Yes 0 0 0 0 0 0 0 0 0 0 0 0 0 0 0 0 0 0 0 0 0 0 0 0 0 3.36 3.60 25 
198 19.07.2011 11:30:53 19.07.2011 07:30:53 966812 -5135933 3644135 35.0684469 -79.3391330 87.72 2.2 3D Yes 0 0 0 0 0 0 0 0 0 0 0 0 0 0 0 0 0 0 0 0 0 0 0 0 0 3.44 3.60 25 
199 19.07.2011 14:03:09 19.07.2011 10:03:09 N/A N/A N/A N/A N/A N/A 25.4 No No 0 0 0 0 0 0 0 0 0 0 0 0 0 0 0 0 0 0 0 0 0 0 0 0 0 3.36 3.60 32 
200 19.07.2011 16:33:09 19.07.2011 12:33:09 N/A N/A N/A N/A N/A N/A 25.4 No No 0 0 0 0 0 0 0 0 0 0 0 0 0 0 0 0 0 0 0 0 0 0 0 0 0 3.44 3.60 33 
201 19.07.2011 19:03:09 19.07.2011 15:03:09 N/A N/A N/A N/A N/A N/A 25.4 No No 0 0 0 0 0 0 0 0 0 0 0 0 0 0 0 0 0 0 0 0 0 0 0 0 0 3.44 3.60 37 
202 19.07.2011 21:31:24 19.07.2011 17:31:24 966825 -5135938 3644125 35.0683353 -79.3390031 87.96 4.2 3D Yes 0 0 0 0 0 0 0 0 0 0 0 0 0 0 0 0 0 0 0 0 0 0 0 0 0 3.44 3.60 35 
203 20.07.2011 00:01:48 19.07.2011 20:01:48 966982 -5135999 3644006 35.0669965 -79.3374353 92.43 1.8 3D Yes 0 0 0 0 0 0 0 0 0 0 0 0 0 0 0 0 0 0 0 0 0 0 0 0 0 3.44 3.60 32 
204 20.07.2011 02:30:47 19.07.2011 22:30:47 967166 -5136276 3643539 35.0619652 -79.3360149 74.82 4.4 3D Yes 0 0 0 0 0 0 0 0 0 0 0 0 0 0 0 0 0 0 0 0 0 0 0 0 0 3.44 3.60 30 
205 20.07.2011 04:00:33 20.07.2011 00:00:33 967582 -5136149 3643606 35.0627070 -79.3312756 74.17 7.0 2D No 0 0 0 0 0 0 0 0 0 0 0 0 0 0 0 0 0 0 0 0 0 0 0 0 0 3.44 3.60 28 
206 20.07.2011 06:30:53 20.07.2011 02:30:53 966781 -5136181 3643775 35.0645586 -79.3399700 75.67 4.0 3D Yes 0 0 0 0 0 0 0 0 0 0 0 0 0 0 0 0 0 0 0 0 0 0 0 0 0 3.44 3.60 27 
207 20.07.2011 09:01:11 20.07.2011 05:01:11 966662 -5135928 3644120 35.0685054 -79.3407390 52.37 2.2 3D Yes 0 0 0 0 0 0 0 0 0 0 0 0 0 0 0 0 0 0 0 0 0 0 0 0 0 3.44 3.60 28 
208 20.07.2011 11:31:12 20.07.2011 07:31:12 966759 -5135961 3644084 35.0679790 -79.3397608 72.91 2.4 3D Yes 0 0 0 0 0 0 0 0 0 0 0 0 0 0 0 0 0 0 0 0 0 0 0 0 0 3.44 3.60 28 
209 20.07.2011 14:00:56 20.07.2011 10:00:56 966777 -5136014 3644014 35.0671756 -79.3396744 78.05 4.8 3D Yes 0 0 0 0 0 0 0 0 0 0 0 0 0 0 0 0 0 0 0 0 0 0 0 0 0 3.44 3.60 33 
210 20.07.2011 16:30:47 20.07.2011 12:30:47 966892 -5135902 3644108 35.0683289 -79.3382082 59.38 3.2 3D Yes 0 0 0 0 0 0 0 0 0 0 0 0 0 0 0 0 0 0 0 0 0 0 0 0 0 3.44 3.60 33 
211 20.07.2011 19:01:27 20.07.2011 15:01:27 966902 -5135950 3644087 35.0679201 -79.3381978 87.44 2.0 3D Yes 0 0 0 0 0 0 0 0 0 0 0 0 0 0 0 0 0 0 0 0 0 0 0 0 0 3.44 3.60 30 
212 20.07.2011 21:30:53 20.07.2011 17:30:53 966908 -5135936 3644077 35.0679118 -79.3381048 71.34 2.4 3D Yes 0 0 0 0 0 0 0 0 0 0 0 0 0 0 0 0 0 0 0 0 0 0 0 0 0 3.44 3.60 33 
213 21.07.2011 00:02:53 20.07.2011 20:02:53 966850 -5135954 3644066 35.0677946 -79.3387662 70.72 2.6 2D No 0 0 0 0 0 0 0 0 0 0 0 0 0 0 0 0 0 0 0 0 0 0 0 0 0 3.44 3.60 32 
214 21.07.2011 02:30:46 20.07.2011 22:30:46 967133 -5136194 3643683 35.0634765 -79.3362041 86.58 1.6 3D Yes 0 0 0 0 0 0 0 0 0 0 0 0 0 0 0 0 0 0 0 0 0 0 0 0 0 3.44 3.60 29 
215 21.07.2011 04:00:30 21.07.2011 00:00:30 966924 -5136200 3643754 35.0641700 -79.3384679 100.55 2.8 3D Yes 0 0 0 0 0 0 0 0 0 0 0 0 0 0 0 0 0 0 0 0 0 0 0 0 0 3.44 3.60 28 
216 21.07.2011 06:31:22 21.07.2011 02:31:22 966584 -5135708 3644524 35.0726802 -79.3411333 95.74 3.2 2D No 0 0 0 0 0 0 0 0 0 0 0 0 0 0 0 0 0 0 0 0 0 0 0 0 0 3.36 3.60 27 
217 21.07.2011 09:02:08 21.07.2011 05:02:08 966737 -5135652 3644571 35.0731654 -79.3393712 100.87 2.4 3D Yes 0 0 0 0 0 0 0 0 0 0 0 0 0 0 0 0 0 0 0 0 0 0 0 0 0 3.36 3.60 27 
218 21.07.2011 11:31:00 21.07.2011 07:31:00 966820 -5135829 3644291 35.0701194 -79.3388359 94.91 2.4 3D Yes 0 0 0 0 0 0 0 0 0 0 0 0 0 0 0 0 0 0 0 0 0 0 0 0 0 3.44 3.60 27 
219 21.07.2011 14:03:08 21.07.2011 10:03:08 N/A N/A N/A N/A N/A N/A 25.4 No No 0 0 0 0 0 0 0 0 0 0 0 0 0 0 0 0 0 0 0 0 0 0 0 0 0 3.36 3.60 32 
220 21.07.2011 16:31:40 21.07.2011 12:31:40 N/A N/A N/A N/A N/A N/A 25.4 No No 0 0 0 0 0 0 0 0 0 0 0 0 0 0 0 0 0 0 0 0 0 0 0 0 0 3.44 3.60 35 
221 21.07.2011 19:03:08 21.07.2011 15:03:08 N/A N/A N/A N/A N/A N/A 25.4 No No 0 0 0 0 0 0 0 0 0 0 0 0 0 0 0 0 0 0 0 0 0 0 0 0 0 3.36 3.60 30 
222 21.07.2011 21:33:08 21.07.2011 17:33:08 N/A N/A N/A N/A N/A N/A 25.4 No No 0 0 0 0 0 0 0 0 0 0 0 0 0 0 0 0 0 0 0 0 0 0 0 0 0 3.36 3.60 33 
223 22.07.2011 00:03:08 21.07.2011 20:03:08 N/A N/A N/A N/A N/A N/A 25.4 No No 0 0 0 0 0 0 0 0 0 0 0 0 0 0 0 0 0 0 0 0 0 0 0 0 0 3.36 3.60 30 
224 22.07.2011 02:33:08 21.07.2011 22:33:08 N/A N/A N/A N/A N/A N/A 25.4 No No 0 0 0 0 0 0 0 0 0 0 0 0 0 0 0 0 0 0 0 0 0 0 0 0 0 3.36 3.60 28 
225 22.07.2011 04:03:08 22.07.2011 00:03:08 N/A N/A N/A N/A N/A N/A 25.4 No No 0 0 0 0 0 0 0 0 0 0 0 0 0 0 0 0 0 0 0 0 0 0 0 0 0 3.36 3.60 28 
226 22.07.2011 06:32:26 22.07.2011 02:32:26 966597 -5135431 3644918 35.0769842 -79.3404314 101.33 3.8 3D Yes 0 0 0 0 0 0 0 0 0 0 0 0 0 0 0 0 0 0 0 0 0 0 0 0 0 3.44 3.60 28 
227 22.07.2011 09:02:56 22.07.2011 05:02:56 966466 -5135623 3644707 35.0745759 -79.3422323 114.67 3.2 3D Yes 0 0 0 0 0 0 0 0 0 0 0 0 0 0 0 0 0 0 0 0 0 0 0 0 0 3.36 3.60 28 
228 22.07.2011 11:33:04 22.07.2011 07:33:04 N/A N/A N/A N/A N/A N/A 25.4 No No 0 0 0 0 0 0 0 0 0 0 0 0 0 0 0 0 0 0 0 0 0 0 0 0 0 3.36 3.60 28 
229 22.07.2011 14:01:36 22.07.2011 10:01:36 N/A N/A N/A N/A N/A N/A 25.4 No No 0 0 0 0 0 0 0 0 0 0 0 0 0 0 0 0 0 0 0 0 0 0 0 0 0 3.44 3.60 34 
230 22.07.2011 16:33:04 22.07.2011 12:33:04 N/A N/A N/A N/A N/A N/A 25.4 No No 0 0 0 0 0 0 0 0 0 0 0 0 0 0 0 0 0 0 0 0 0 0 0 0 0 3.44 3.60 37 
231 22.07.2011 19:01:36 22.07.2011 15:01:36 N/A N/A N/A N/A N/A N/A 25.4 No No 0 0 0 0 0 0 0 0 0 0 0 0 0 0 0 0 0 0 0 0 0 0 0 0 0 3.44 3.60 39 
232 22.07.2011 21:31:36 22.07.2011 17:31:36 N/A N/A N/A N/A N/A N/A 25.4 No No 0 0 0 0 0 0 0 0 0 0 0 0 0 0 0 0 0 0 0 0 0 0 0 0 0 3.44 3.60 38 
233 23.07.2011 00:03:04 22.07.2011 20:03:04 N/A N/A N/A N/A N/A N/A 25.4 No No 0 0 0 0 0 0 0 0 0 0 0 0 0 0 0 0 0 0 0 0 0 0 0 0 0 3.36 3.60 33 
234 23.07.2011 02:33:04 22.07.2011 22:33:04 N/A N/A N/A N/A N/A N/A 25.4 No No 0 0 0 0 0 0 0 0 0 0 0 0 0 0 0 0 0 0 0 0 0 0 0 0 0 3.36 3.60 30 
235 23.07.2011 04:00:54 23.07.2011 00:00:54 966749 -5135915 3644186 35.0689751 -79.3397753 93.00 2.2 3D Yes 0 0 0 0 0 0 0 0 0 0 0 0 0 0 0 0 0 0 0 0 0 0 0 0 0 3.44 3.60 31 
236 23.07.2011 06:33:10 23.07.2011 02:33:10 N/A N/A N/A N/A N/A N/A 25.4 No No 0 0 0 0 0 0 0 0 0 0 0 0 0 0 0 0 0 0 0 0 0 0 0 0 0 3.36 3.60 28 
237 23.07.2011 09:03:10 23.07.2011 05:03:10 N/A N/A N/A N/A N/A N/A 25.4 No No 0 0 0 0 0 0 0 0 0 0 0 0 0 0 0 0 0 0 0 0 0 0 0 0 0 3.36 3.60 28 
238 23.07.2011 11:31:42 23.07.2011 07:31:42 N/A N/A N/A N/A N/A N/A 25.4 No No 0 0 0 0 0 0 0 0 0 0 0 0 0 0 0 0 0 0 0 0 0 0 0 0 0 3.36 3.60 28 
239 23.07.2011 14:03:10 23.07.2011 10:03:10 N/A N/A N/A N/A N/A N/A 25.4 No No 0 0 0 0 0 0 0 0 0 0 0 0 0 0 0 0 0 0 0 0 0 0 0 0 0 3.36 3.60 31 
240 23.07.2011 16:31:42 23.07.2011 12:31:42 N/A N/A N/A N/A N/A N/A 25.4 No No 0 0 0 0 0 0 0 0 0 0 0 0 0 0 0 0 0 0 0 0 0 0 0 0 0 3.44 3.60 35 
241 23.07.2011 19:03:10 23.07.2011 15:03:10 N/A N/A N/A N/A N/A N/A 25.4 No No 0 0 0 0 0 0 0 0 0 0 0 0 0 0 0 0 0 0 0 0 0 0 0 0 0 3.44 3.60 31 
242 23.07.2011 21:31:14 23.07.2011 17:31:14 967198 -5136105 3643756 35.0644057 -79.3353233 66.78 4.2 3D Yes 0 0 0 0 0 0 0 0 0 0 0 0 0 0 0 0 0 0 0 0 0 0 0 0 0 3.44 3.60 30 
243 24.07.2011 00:01:17 23.07.2011 20:01:17 967275 -5136212 3643627 35.0628356 -79.3347108 90.40 2.8 3D Yes 0 0 0 0 0 0 0 0 0 0 0 0 0 0 0 0 0 0 0 0 0 0 0 0 0 3.44 3.60 31 
244 24.07.2011 02:33:09 23.07.2011 22:33:09 N/A N/A N/A N/A N/A N/A 25.4 No No 0 0 0 0 0 0 0 0 0 0 0 0 0 0 0 0 0 0 0 0 0 0 0 0 0 3.36 3.60 29 
245 24.07.2011 04:03:09 24.07.2011 00:03:09 N/A N/A N/A N/A N/A N/A 25.4 No No 0 0 0 0 0 0 0 0 0 0 0 0 0 0 0 0 0 0 0 0 0 0 0 0 0 3.36 3.60 28 
246 24.07.2011 06:33:09 24.07.2011 02:33:09 N/A N/A N/A N/A N/A N/A 25.4 No No 0 0 0 0 0 0 0 0 0 0 0 0 0 0 0 0 0 0 0 0 0 0 0 0 0 3.36 3.60 28 
247 24.07.2011 09:03:09 24.07.2011 05:03:09 N/A N/A N/A N/A N/A N/A 25.4 No No 0 0 0 0 0 0 0 0 0 0 0 0 0 0 0 0 0 0 0 0 0 0 0 0 0 3.36 3.60 27 
248 24.07.2011 11:31:41 24.07.2011 07:31:41 N/A N/A N/A N/A N/A N/A 25.4 No No 0 0 0 0 0 0 0 0 0 0 0 0 0 0 0 0 0 0 0 0 0 0 0 0 0 3.36 3.60 27 
249 24.07.2011 14:01:41 24.07.2011 10:01:41 N/A N/A N/A N/A N/A N/A 25.4 No No 0 0 0 0 0 0 0 0 0 0 0 0 0 0 0 0 0 0 0 0 0 0 0 0 0 3.44 3.60 33 
250 24.07.2011 16:33:09 24.07.2011 12:33:09 N/A N/A N/A N/A N/A N/A 25.4 No No 0 0 0 0 0 0 0 0 0 0 0 0 0 0 0 0 0 0 0 0 0 0 0 0 0 3.44 3.60 34 
251 24.07.2011 19:01:41 24.07.2011 15:01:41 N/A N/A N/A N/A N/A N/A 25.4 No No 0 0 0 0 0 0 0 0 0 0 0 0 0 0 0 0 0 0 0 0 0 0 0 0 0 3.44 3.60 36 
252 24.07.2011 21:33:09 24.07.2011 17:33:09 N/A N/A N/A N/A N/A N/A 25.4 No No 0 0 0 0 0 0 0 0 0 0 0 0 0 0 0 0 0 0 0 0 0 0 0 0 0 3.36 3.60 28 
253 25.07.2011 00:03:09 24.07.2011 20:03:09 N/A N/A N/A N/A N/A N/A 25.4 No No 0 0 0 0 0 0 0 0 0 0 0 0 0 0 0 0 0 0 0 0 0 0 0 0 0 3.36 3.60 27 
254 25.07.2011 02:33:09 24.07.2011 22:33:09 N/A N/A N/A N/A N/A N/A 25.4 No No 0 0 0 0 0 0 0 0 0 0 0 0 0 0 0 0 0 0 0 0 0 0 0 0 0 3.36 3.60 28 
255 25.07.2011 04:03:09 25.07.2011 00:03:09 N/A N/A N/A N/A N/A N/A 25.4 No No 0 0 0 0 0 0 0 0 0 0 0 0 0 0 0 0 0 0 0 0 0 0 0 0 0 3.36 3.60 25 
256 25.07.2011 06:32:14 25.07.2011 02:32:14 966735 -5135572 3644637 35.0740614 -79.3392305 74.15 19.0 3D No 0 0 0 0 0 0 0 0 0 0 0 0 0 0 0 0 0 0 0 0 0 0 0 0 0 3.36 3.60 27 
257 25.07.2011 09:03:10 25.07.2011 05:03:10 N/A N/A N/A N/A N/A N/A 25.4 No No 0 0 0 0 0 0 0 0 0 0 0 0 0 0 0 0 0 0 0 0 0 0 0 0 0 3.36 3.60 26 
258 25.07.2011 11:33:10 25.07.2011 07:33:10 N/A N/A N/A N/A N/A N/A 25.4 No No 0 0 0 0 0 0 0 0 0 0 0 0 0 0 0 0 0 0 0 0 0 0 0 0 0 3.36 3.60 25 
259 25.07.2011 14:03:10 25.07.2011 10:03:10 N/A N/A N/A N/A N/A N/A 25.4 No No 0 0 0 0 0 0 0 0 0 0 0 0 0 0 0 0 0 0 0 0 0 0 0 0 0 3.36 3.60 30 
260 25.07.2011 16:33:10 25.07.2011 12:33:10 N/A N/A N/A N/A N/A N/A 25.4 No No 0 0 0 0 0 0 0 0 0 0 0 0 0 0 0 0 0 0 0 0 0 0 0 0 0 3.44 3.60 35 
261 25.07.2011 19:03:10 25.07.2011 15:03:10 N/A N/A N/A N/A N/A N/A 25.4 No No 0 0 0 0 0 0 0 0 0 0 0 0 0 0 0 0 0 0 0 0 0 0 0 0 0 3.44 3.60 36 
262 25.07.2011 21:33:10 25.07.2011 17:33:10 N/A N/A N/A N/A N/A N/A 25.4 No No 0 0 0 0 0 0 0 0 0 0 0 0 0 0 0 0 0 0 0 0 0 0 0 0 0 3.36 3.60 28 
263 26.07.2011 00:01:42 25.07.2011 20:01:42 N/A N/A N/A N/A N/A N/A 25.4 No No 0 0 0 0 0 0 0 0 0 0 0 0 0 0 0 0 0 0 0 0 0 0 0 0 0 3.36 3.60 24 
264 26.07.2011 02:30:55 25.07.2011 22:30:55 967294 -5136386 3643329 35.0597334 -79.3348591 62.06 4.0 3D Yes 0 0 0 0 0 0 0 0 0 0 0 0 0 0 0 0 0 0 0 0 0 0 0 0 0 3.44 3.60 24 
265 26.07.2011 04:03:11 26.07.2011 00:03:11 N/A N/A N/A N/A N/A N/A 25.4 No No 0 0 0 0 0 0 0 0 0 0 0 0 0 0 0 0 0 0 0 0 0 0 0 0 0 3.36 3.60 24 
266 26.07.2011 06:33:11 26.07.2011 02:33:11 N/A N/A N/A N/A N/A N/A 25.4 No No 0 0 0 0 0 0 0 0 0 0 0 0 0 0 0 0 0 0 0 0 0 0 0 0 0 3.36 3.60 24 
267 26.07.2011 09:03:11 26.07.2011 05:03:11 N/A N/A N/A N/A N/A N/A 25.4 No No 0 0 0 0 0 0 0 0 0 0 0 0 0 0 0 0 0 0 0 0 0 0 0 0 0 3.36 3.60 27 
268 26.07.2011 11:31:11 26.07.2011 07:31:11 966890 -5136229 3643729 35.0638705 -79.3388930 104.36 4.6 3D Yes 0 0 0 0 0 0 0 0 0 0 0 0 0 0 0 0 0 0 0 0 0 0 0 0 0 3.44 3.60 26 
269 26.07.2011 14:01:43 26.07.2011 10:01:43 N/A N/A N/A N/A N/A N/A 25.4 No No 0 0 0 0 0 0 0 0 0 0 0 0 0 0 0 0 0 0 0 0 0 0 0 0 0 3.36 3.60 25 
270 26.07.2011 16:33:11 26.07.2011 12:33:11 N/A N/A N/A N/A N/A N/A 25.4 No No 0 0 0 0 0 0 0 0 0 0 0 0 0 0 0 0 0 0 0 0 0 0 0 0 0 3.36 3.60 30 
271 26.07.2011 19:03:11 26.07.2011 15:03:11 N/A N/A N/A N/A N/A N/A 25.4 No No 0 0 0 0 0 0 0 0 0 0 0 0 0 0 0 0 0 0 0 0 0 0 0 0 0 3.36 3.60 30 
272 26.07.2011 21:33:11 26.07.2011 17:33:11 N/A N/A N/A N/A N/A N/A 25.4 No No 0 0 0 0 0 0 0 0 0 0 0 0 0 0 0 0 0 0 0 0 0 0 0 0 0 3.36 3.60 30 
273 27.07.2011 00:03:11 26.07.2011 20:03:11 N/A N/A N/A N/A N/A N/A 25.4 No No 0 0 0 0 0 0 0 0 0 0 0 0 0 0 0 0 0 0 0 0 0 0 0 0 0 3.36 3.60 28 
274 27.07.2011 02:31:43 26.07.2011 22:31:43 N/A N/A N/A N/A N/A N/A 25.4 No No 0 0 0 0 0 0 0 0 0 0 0 0 0 0 0 0 0 0 0 0 0 0 0 0 0 3.36 3.60 28 
275 27.07.2011 04:03:11 27.07.2011 00:03:11 N/A N/A N/A N/A N/A N/A 25.4 No No 0 0 0 0 0 0 0 0 0 0 0 0 0 0 0 0 0 0 0 0 0 0 0 0 0 3.36 3.60 26 
276 27.07.2011 06:33:11 27.07.2011 02:33:11 N/A N/A N/A N/A N/A N/A 25.4 No No 0 0 0 0 0 0 0 0 0 0 0 0 0 0 0 0 0 0 0 0 0 0 0 0 0 3.36 3.60 26 
277 27.07.2011 09:03:11 27.07.2011 05:03:11 N/A N/A N/A N/A N/A N/A 25.4 No No 0 0 0 0 0 0 0 0 0 0 0 0 0 0 0 0 0 0 0 0 0 0 0 0 0 3.36 3.60 24 
278 27.07.2011 11:33:11 27.07.2011 07:33:11 N/A N/A N/A N/A N/A N/A 25.4 No No 0 0 0 0 0 0 0 0 0 0 0 0 0 0 0 0 0 0 0 0 0 0 0 0 0 3.36 3.60 26 
279 27.07.2011 14:01:43 27.07.2011 10:01:43 N/A N/A N/A N/A N/A N/A 25.4 No No 0 0 0 0 0 0 0 0 0 0 0 0 0 0 0 0 0 0 0 0 0 0 0 0 0 3.36 3.60 28 
280 27.07.2011 16:31:59 27.07.2011 12:31:59 966971 -5135971 3644059 35.0675405 -79.3374970 98.69 7.0 2D No 0 0 0 0 0 0 0 0 0 0 0 0 0 0 0 0 0 0 0 0 0 0 0 0 0 3.44 3.60 33 
281 27.07.2011 19:03:11 27.07.2011 15:03:11 N/A N/A N/A N/A N/A N/A 25.4 No No 0 0 0 0 0 0 0 0 0 0 0 0 0 0 0 0 0 0 0 0 0 0 0 0 0 3.44 3.60 33 
282 27.07.2011 21:31:43 27.07.2011 17:31:43 N/A N/A N/A N/A N/A N/A 25.4 No No 0 0 0 0 0 0 0 0 0 0 0 0 0 0 0 0 0 0 0 0 0 0 0 0 0 3.44 3.60 37 
283 28.07.2011 00:03:11 27.07.2011 20:03:11 N/A N/A N/A N/A N/A N/A 25.4 No No 0 0 0 0 0 0 0 0 0 0 0 0 0 0 0 0 0 0 0 0 0 0 0 0 0 3.36 3.60 32 
284 28.07.2011 02:33:11 27.07.2011 22:33:11 N/A N/A N/A N/A N/A N/A 25.4 No No 0 0 0 0 0 0 0 0 0 0 0 0 0 0 0 0 0 0 0 0 0 0 0 0 0 3.36 3.60 29 
285 28.07.2011 04:01:43 28.07.2011 00:01:43 N/A N/A N/A N/A N/A N/A 25.4 No No 0 0 0 0 0 0 0 0 0 0 0 0 0 0 0 0 0 0 0 0 0 0 0 0 0 3.36 3.60 29 
286 28.07.2011 06:31:43 28.07.2011 02:31:43 N/A N/A N/A N/A N/A N/A 25.4 No No 0 0 0 0 0 0 0 0 0 0 0 0 0 0 0 0 0 0 0 0 0 0 0 0 0 3.36 3.60 28 
287 28.07.2011 09:03:11 28.07.2011 05:03:11 N/A N/A N/A N/A N/A N/A 25.4 No No 0 0 0 0 0 0 0 0 0 0 0 0 0 0 0 0 0 0 0 0 0 0 0 0 0 3.36 3.60 26 
288 28.07.2011 11:31:43 28.07.2011 07:31:43 N/A N/A N/A N/A N/A N/A 25.4 No No 0 0 0 0 0 0 0 0 0 0 0 0 0 0 0 0 0 0 0 0 0 0 0 0 0 3.36 3.60 27 
289 28.07.2011 14:03:11 28.07.2011 10:03:11 N/A N/A N/A N/A N/A N/A 25.4 No No 0 0 0 0 0 0 0 0 0 0 0 0 0 0 0 0 0 0 0 0 0 0 0 0 0 3.36 3.60 29 
290 28.07.2011 16:33:11 28.07.2011 12:33:11 N/A N/A N/A N/A N/A N/A 25.4 No No 0 0 0 0 0 0 0 0 0 0 0 0 0 0 0 0 0 0 0 0 0 0 0 0 0 3.44 3.60 35 
291 28.07.2011 19:03:11 28.07.2011 15:03:11 N/A N/A N/A N/A N/A N/A 25.4 No No 0 0 0 0 0 0 0 0 0 0 0 0 0 0 0 0 0 0 0 0 0 0 0 0 0 3.44 3.60 36 
292 28.07.2011 21:33:11 28.07.2011 17:33:11 N/A N/A N/A N/A N/A N/A 25.4 No No 0 0 0 0 0 0 0 0 0 0 0 0 0 0 0 0 0 0 0 0 0 0 0 0 0 3.44 3.60 37 
293 29.07.2011 00:03:11 28.07.2011 20:03:11 N/A N/A N/A N/A N/A N/A 25.4 No No 0 0 0 0 0 0 0 0 0 0 0 0 0 0 0 0 0 0 0 0 0 0 0 0 0 3.36 3.60 31 
294 29.07.2011 02:31:43 28.07.2011 22:31:43 N/A N/A N/A N/A N/A N/A 25.4 No No 0 0 0 0 0 0 0 0 0 0 0 0 0 0 0 0 0 0 0 0 0 0 0 0 0 3.36 3.60 29 
295 29.07.2011 04:01:43 29.07.2011 00:01:43 N/A N/A N/A N/A N/A N/A 25.4 No No 0 0 0 0 0 0 0 0 0 0 0 0 0 0 0 0 0 0 0 0 0 0 0 0 0 3.36 3.60 29 
296 29.07.2011 06:31:43 29.07.2011 02:31:43 N/A N/A N/A N/A N/A N/A 25.4 No No 0 0 0 0 0 0 0 0 0 0 0 0 0 0 0 0 0 0 0 0 0 0 0 0 0 3.36 3.60 27 
297 29.07.2011 09:01:39 29.07.2011 05:01:39 966783 -5136056 3643989 35.0667716 -79.3396949 98.38 4.0 3D Yes 0 0 0 0 0 0 0 0 0 0 0 0 0 0 0 0 0 0 0 0 0 0 0 0 0 3.36 3.60 26 
298 29.07.2011 11:31:39 29.07.2011 07:31:39 N/A N/A N/A N/A N/A N/A 25.4 No No 0 0 0 0 0 0 0 0 0 0 0 0 0 0 0 0 0 0 0 0 0 0 0 0 0 3.36 3.60 28 
299 29.07.2011 14:03:07 29.07.2011 10:03:07 N/A N/A N/A N/A N/A N/A 25.4 No No 0 0 0 0 0 0 0 0 0 0 0 0 0 0 0 0 0 0 0 0 0 0 0 0 0 3.36 3.60 31 
300 29.07.2011 16:33:07 29.07.2011 12:33:07 N/A N/A N/A N/A N/A N/A 25.4 No No 0 0 0 0 0 0 0 0 0 0 0 0 0 0 0 0 0 0 0 0 0 0 0 0 0 3.44 3.60 36 
301 29.07.2011 19:03:07 29.07.2011 15:03:07 N/A N/A N/A N/A N/A N/A 25.4 No No 0 0 0 0 0 0 0 0 0 0 0 0 0 0 0 0 0 0 0 0 0 0 0 0 0 3.44 3.60 36 
302 29.07.2011 21:33:07 29.07.2011 17:33:07 N/A N/A N/A N/A N/A N/A 25.4 No No 0 0 0 0 0 0 0 0 0 0 0 0 0 0 0 0 0 0 0 0 0 0 0 0 0 3.44 3.60 37 
303 30.07.2011 00:03:07 29.07.2011 20:03:07 N/A N/A N/A N/A N/A N/A 25.4 No No 0 0 0 0 0 0 0 0 0 0 0 0 0 0 0 0 0 0 0 0 0 0 0 0 0 3.36 3.60 31 
304 30.07.2011 02:32:53 29.07.2011 22:32:53 967035 -5135815 3644222 35.0694756 -79.3364910 76.56 4.8 3D Yes 0 0 0 0 0 0 0 0 0 0 0 0 0 0 0 0 0 0 0 0 0 0 0 0 0 3.36 3.60 29 
305 30.07.2011 04:01:41 30.07.2011 00:01:41 N/A N/A N/A N/A N/A N/A 25.4 No No 0 0 0 0 0 0 0 0 0 0 0 0 0 0 0 0 0 0 0 0 0 0 0 0 0 3.36 3.60 28 
306 30.07.2011 06:33:09 30.07.2011 02:33:09 N/A N/A N/A N/A N/A N/A 25.4 No No 0 0 0 0 0 0 0 0 0 0 0 0 0 0 0 0 0 0 0 0 0 0 0 0 0 3.36 3.60 29 
307 30.07.2011 09:03:09 30.07.2011 05:03:09 N/A N/A N/A N/A N/A N/A 25.4 No No 0 0 0 0 0 0 0 0 0 0 0 0 0 0 0 0 0 0 0 0 0 0 0 0 0 3.36 3.60 26 
308 30.07.2011 11:33:09 30.07.2011 07:33:09 N/A N/A N/A N/A N/A N/A 25.4 No No 0 0 0 0 0 0 0 0 0 0 0 0 0 0 0 0 0 0 0 0 0 0 0 0 0 3.36 3.60 27 
309 30.07.2011 14:03:09 30.07.2011 10:03:09 N/A N/A N/A N/A N/A N/A 25.4 No No 0 0 0 0 0 0 0 0 0 0 0 0 0 0 0 0 0 0 0 0 0 0 0 0 0 3.36 3.60 30 
310 30.07.2011 16:33:09 30.07.2011 12:33:09 N/A N/A N/A N/A N/A N/A 25.4 No No 0 0 0 0 0 0 0 0 0 0 0 0 0 0 0 0 0 0 0 0 0 0 0 0 0 3.36 3.60 33 
311 30.07.2011 19:03:09 30.07.2011 15:03:09 N/A N/A N/A N/A N/A N/A 25.4 No No 0 0 0 0 0 0 0 0 0 0 0 0 0 0 0 0 0 0 0 0 0 0 0 0 0 3.44 3.60 36 
312 30.07.2011 21:30:53 30.07.2011 17:30:53 967174 -5135804 3644178 35.0690738 -79.3349711 63.49 3.6 3D Yes 0 0 0 0 0 0 0 0 0 0 0 0 0 0 0 0 0 0 0 0 0 0 0 0 0 3.44 3.60 34 
313 31.07.2011 00:03:09 30.07.2011 20:03:09 N/A N/A N/A N/A N/A N/A 25.4 No No 0 0 0 0 0 0 0 0 0 0 0 0 0 0 0 0 0 0 0 0 0 0 0 0 0 3.36 3.60 31 
314 31.07.2011 02:33:09 30.07.2011 22:33:09 N/A N/A N/A N/A N/A N/A 25.4 No No 0 0 0 0 0 0 0 0 0 0 0 0 0 0 0 0 0 0 0 0 0 0 0 0 0 3.36 3.60 31 
315 31.07.2011 04:01:41 31.07.2011 00:01:41 N/A N/A N/A N/A N/A N/A 25.4 No No 0 0 0 0 0 0 0 0 0 0 0 0 0 0 0 0 0 0 0 0 0 0 0 0 0 3.36 3.60 29 
316 31.07.2011 06:30:49 31.07.2011 02:30:49 966802 -5135515 3644731 35.0749808 -79.3383929 92.46 2.8 3D Yes 0 0 0 0 0 0 0 0 0 0 0 0 0 0 0 0 0 0 0 0 0 0 0 0 0 3.44 3.60 28 
317 31.07.2011 09:03:05 31.07.2011 05:03:05 N/A N/A N/A N/A N/A N/A 25.4 No No 0 0 0 0 0 0 0 0 0 0 0 0 0 0 0 0 0 0 0 0 0 0 0 0 0 3.36 3.60 26 
318 31.07.2011 11:33:05 31.07.2011 07:33:05 N/A N/A N/A N/A N/A N/A 25.4 No No 0 0 0 0 0 0 0 0 0 0 0 0 0 0 0 0 0 0 0 0 0 0 0 0 0 3.36 3.60 26 
319 31.07.2011 14:03:05 31.07.2011 10:03:05 N/A N/A N/A N/A N/A N/A 25.4 No No 0 0 0 0 0 0 0 0 0 0 0 0 0 0 0 0 0 0 0 0 0 0 0 0 0 3.36 3.60 29 
320 31.07.2011 16:30:54 31.07.2011 12:30:54 967057 -5135858 3644177 35.0689037 -79.3363413 88.62 7.0 3D Yes 0 0 0 0 0 0 0 0 0 0 0 0 0 0 0 0 0 0 0 0 0 0 0 0 0 3.44 3.60 32 
321 31.07.2011 19:03:10 31.07.2011 15:03:10 N/A N/A N/A N/A N/A N/A 25.4 No No 0 0 0 0 0 0 0 0 0 0 0 0 0 0 0 0 0 0 0 0 0 0 0 0 0 3.36 3.60 27 
322 31.07.2011 21:33:10 31.07.2011 17:33:10 N/A N/A N/A N/A N/A N/A 25.4 No No 0 0 0 0 0 0 0 0 0 0 0 0 0 0 0 0 0 0 0 0 0 0 0 0 0 3.36 3.60 29 
323 01.08.2011 00:03:10 31.07.2011 20:03:10 N/A N/A N/A N/A N/A N/A 25.4 No No 0 0 0 0 0 0 0 0 0 0 0 0 0 0 0 0 0 0 0 0 0 0 0 0 0 3.36 3.60 26 
324 01.08.2011 02:33:10 31.07.2011 22:33:10 N/A N/A N/A N/A N/A N/A 25.4 No No 0 0 0 0 0 0 0 0 0 0 0 0 0 0 0 0 0 0 0 0 0 0 0 0 0 3.36 3.60 26 
325 01.08.2011 04:03:10 01.08.2011 00:03:10 N/A N/A N/A N/A N/A N/A 25.4 No No 0 0 0 0 0 0 0 0 0 0 0 0 0 0 0 0 0 0 0 0 0 0 0 0 0 3.36 3.60 25 
326 01.08.2011 06:31:42 01.08.2011 02:31:42 N/A N/A N/A N/A N/A N/A 25.4 No No 0 0 0 0 0 0 0 0 0 0 0 0 0 0 0 0 0 0 0 0 0 0 0 0 0 3.36 3.60 27 
327 01.08.2011 09:03:10 01.08.2011 05:03:10 N/A N/A N/A N/A N/A N/A 25.4 No No 0 0 0 0 0 0 0 0 0 0 0 0 0 0 0 0 0 0 0 0 0 0 0 0 0 3.36 3.60 25 
328 01.08.2011 11:33:10 01.08.2011 07:33:10 N/A N/A N/A N/A N/A N/A 25.4 No No 0 0 0 0 0 0 0 0 0 0 0 0 0 0 0 0 0 0 0 0 0 0 0 0 0 3.36 3.60 26 
329 01.08.2011 14:03:10 01.08.2011 10:03:10 N/A N/A N/A N/A N/A N/A 25.4 No No 0 0 0 0 0 0 0 0 0 0 0 0 0 0 0 0 0 0 0 0 0 0 0 0 0 3.36 3.60 29 
330 01.08.2011 16:33:10 01.08.2011 12:33:10 N/A N/A N/A N/A N/A N/A 25.4 No No 0 0 0 0 0 0 0 0 0 0 0 0 0 0 0 0 0 0 0 0 0 0 0 0 0 3.36 3.60 33 
331 01.08.2011 19:03:10 01.08.2011 15:03:10 N/A N/A N/A N/A N/A N/A 25.4 No No 0 0 0 0 0 0 0 0 0 0 0 0 0 0 0 0 0 0 0 0 0 0 0 0 0 3.44 3.60 34 
332 01.08.2011 21:33:10 01.08.2011 17:33:10 N/A N/A N/A N/A N/A N/A 25.4 No No 0 0 0 0 0 0 0 0 0 0 0 0 0 0 0 0 0 0 0 0 0 0 0 0 0 3.44 3.60 34 
333 02.08.2011 00:03:10 01.08.2011 20:03:10 N/A N/A N/A N/A N/A N/A 25.4 No No 0 0 0 0 0 0 0 0 0 0 0 0 0 0 0 0 0 0 0 0 0 0 0 0 0 3.36 3.60 29 
334 02.08.2011 02:31:42 01.08.2011 22:31:42 N/A N/A N/A N/A N/A N/A 25.4 No No 0 0 0 0 0 0 0 0 0 0 0 0 0 0 0 0 0 0 0 0 0 0 0 0 0 3.36 3.60 26 
335 02.08.2011 04:03:10 02.08.2011 00:03:10 N/A N/A N/A N/A N/A N/A 25.4 No No 0 0 0 0 0 0 0 0 0 0 0 0 0 0 0 0 0 0 0 0 0 0 0 0 0 3.36 3.60 26 
336 02.08.2011 06:33:10 02.08.2011 02:33:10 N/A N/A N/A N/A N/A N/A 25.4 No No 0 0 0 0 0 0 0 0 0 0 0 0 0 0 0 0 0 0 0 0 0 0 0 0 0 3.36 3.60 26 
337 02.08.2011 09:03:10 02.08.2011 05:03:10 N/A N/A N/A N/A N/A N/A 25.4 No No 0 0 0 0 0 0 0 0 0 0 0 0 0 0 0 0 0 0 0 0 0 0 0 0 0 3.36 3.60 23 
338 02.08.2011 11:33:10 02.08.2011 07:33:10 N/A N/A N/A N/A N/A N/A 25.4 No No 0 0 0 0 0 0 0 0 0 0 0 0 0 0 0 0 0 0 0 0 0 0 0 0 0 3.36 3.60 24 
339 02.08.2011 14:01:42 02.08.2011 10:01:42 N/A N/A N/A N/A N/A N/A 25.4 No No 0 0 0 0 0 0 0 0 0 0 0 0 0 0 0 0 0 0 0 0 0 0 0 0 0 3.36 3.60 28 
340 02.08.2011 16:31:10 02.08.2011 12:31:10 967091 -5135878 3644115 35.0683120 -79.3360155 74.24 2.4 3D Yes 0 0 0 0 0 0 0 0 0 0 0 0 0 0 0 0 0 0 0 0 0 0 0 0 0 3.44 3.60 37 
341 02.08.2011 19:03:11 02.08.2011 15:03:11 N/A N/A N/A N/A N/A N/A 25.4 No No 0 0 0 0 0 0 0 0 0 0 0 0 0 0 0 0 0 0 0 0 0 0 0 0 0 3.44 3.60 35 
342 02.08.2011 21:33:11 02.08.2011 17:33:11 N/A N/A N/A N/A N/A N/A 25.4 No No 0 0 0 0 0 0 0 0 0 0 0 0 0 0 0 0 0 0 0 0 0 0 0 0 0 3.36 3.60 33 
343 03.08.2011 00:03:11 02.08.2011 20:03:11 N/A N/A N/A N/A N/A N/A 25.4 No No 0 0 0 0 0 0 0 0 0 0 0 0 0 0 0 0 0 0 0 0 0 0 0 0 0 3.36 3.60 30 
344 03.08.2011 02:33:11 02.08.2011 22:33:11 N/A N/A N/A N/A N/A N/A 25.4 No No 0 0 0 0 0 0 0 0 0 0 0 0 0 0 0 0 0 0 0 0 0 0 0 0 0 3.36 3.60 28 
345 03.08.2011 04:03:11 03.08.2011 00:03:11 N/A N/A N/A N/A N/A N/A 25.4 No No 0 0 0 0 0 0 0 0 0 0 0 0 0 0 0 0 0 0 0 0 0 0 0 0 0 3.36 3.60 29 
346 03.08.2011 06:33:11 03.08.2011 02:33:11 N/A N/A N/A N/A N/A N/A 25.4 No No 0 0 0 0 0 0 0 0 0 0 0 0 0 0 0 0 0 0 0 0 0 0 0 0 0 3.36 3.60 28 
347 03.08.2011 09:02:24 03.08.2011 05:02:24 966583 -5135579 3644742 35.0749460 -79.3408825 117.10 3.4 3D Yes 0 0 0 0 0 0 0 0 0 0 0 0 0 0 0 0 0 0 0 0 0 0 0 0 0 3.36 3.60 26 
348 03.08.2011 11:33:04 03.08.2011 07:33:04 N/A N/A N/A N/A N/A N/A 25.4 No No 0 0 0 0 0 0 0 0 0 0 0 0 0 0 0 0 0 0 0 0 0 0 0 0 0 3.36 3.60 25 
349 03.08.2011 14:01:36 03.08.2011 10:01:36 N/A N/A N/A N/A N/A N/A 25.4 No No 0 0 0 0 0 0 0 0 0 0 0 0 0 0 0 0 0 0 0 0 0 0 0 0 0 3.36 3.60 27 
350 03.08.2011 16:31:11 03.08.2011 12:31:11 967639 -5135959 3643868 35.0655522 -79.3302759 80.50 3.2 3D Yes 0 0 0 0 0 0 0 0 0 0 0 0 0 0 0 0 0 0 0 0 0 0 0 0 0 3.44 3.60 34 
351 03.08.2011 19:00:54 03.08.2011 15:00:54 967594 -5135958 3643869 35.0656078 -79.3307587 73.45 14.0 3D No 0 0 0 0 0 0 0 0 0 0 0 0 0 0 0 0 0 0 0 0 0 0 0 0 0 3.44 3.60 37 
352 03.08.2011 21:33:10 03.08.2011 17:33:10 N/A N/A N/A N/A N/A N/A 25.4 No No 0 0 0 0 0 0 0 0 0 0 0 0 0 0 0 0 0 0 0 0 0 0 0 0 0 3.44 3.60 36 
353 04.08.2011 00:03:10 03.08.2011 20:03:10 N/A N/A N/A N/A N/A N/A 25.4 No No 0 0 0 0 0 0 0 0 0 0 0 0 0 0 0 0 0 0 0 0 0 0 0 0 0 3.36 3.60 31 
354 04.08.2011 02:31:42 03.08.2011 22:31:42 N/A N/A N/A N/A N/A N/A 25.4 No No 0 0 0 0 0 0 0 0 0 0 0 0 0 0 0 0 0 0 0 0 0 0 0 0 0 3.36 3.60 30 
355 04.08.2011 04:01:42 04.08.2011 00:01:42 N/A N/A N/A N/A N/A N/A 25.4 No No 0 0 0 0 0 0 0 0 0 0 0 0 0 0 0 0 0 0 0 0 0 0 0 0 0 3.36 3.60 29 
356 04.08.2011 06:33:10 04.08.2011 02:33:10 N/A N/A N/A N/A N/A N/A 25.4 No No 0 0 0 0 0 0 0 0 0 0 0 0 0 0 0 0 0 0 0 0 0 0 0 0 0 3.36 3.60 28 
357 04.08.2011 09:01:42 04.08.2011 05:01:42 N/A N/A N/A N/A N/A N/A 25.4 No No 0 0 0 0 0 0 0 0 0 0 0 0 0 0 0 0 0 0 0 0 0 0 0 0 0 3.36 3.60 27 
358 04.08.2011 11:31:42 04.08.2011 07:31:42 N/A N/A N/A N/A N/A N/A 25.4 No No 0 0 0 0 0 0 0 0 0 0 0 0 0 0 0 0 0 0 0 0 0 0 0 0 0 3.36 3.60 27 
359 04.08.2011 14:03:10 04.08.2011 10:03:10 N/A N/A N/A N/A N/A N/A 25.4 No No 0 0 0 0 0 0 0 0 0 0 0 0 0 0 0 0 0 0 0 0 0 0 0 0 0 3.36 3.60 33 
360 04.08.2011 16:31:30 04.08.2011 12:31:30 966900 -5136292 3643656 35.0630018 -79.3389130 114.62 16.8 3D No 0 0 0 0 0 0 0 0 0 0 0 0 0 0 0 0 0 0 0 0 0 0 0 0 0 3.44 3.60 35 
361 04.08.2011 19:02:23 04.08.2011 15:02:23 966923 -5136280 3643645 35.0629597 -79.3386409 102.13 2.0 3D Yes 0 0 0 0 0 0 0 0 0 0 0 0 0 0 0 0 0 0 0 0 0 0 0 0 0 3.44 3.60 36 
362 04.08.2011 21:33:04 04.08.2011 17:33:04 N/A N/A N/A N/A N/A N/A 25.4 No No 0 0 0 0 0 0 0 0 0 0 0 0 0 0 0 0 0 0 0 0 0 0 0 0 0 3.44 3.60 35 
363 05.08.2011 00:00:53 04.08.2011 20:00:53 966912 -5136371 3643496 35.0614078 -79.3389440 88.07 2.2 3D Yes 0 0 0 0 0 0 0 0 0 0 0 0 0 0 0 0 0 0 0 0 0 0 0 0 0 3.44 3.60 32 
364 05.08.2011 02:33:11 04.08.2011 22:33:11 N/A N/A N/A N/A N/A N/A 25.4 No No 0 0 0 0 0 0 0 0 0 0 0 0 0 0 0 0 0 0 0 0 0 0 0 0 0 3.36 3.60 31 
365 05.08.2011 04:01:43 05.08.2011 00:01:43 N/A N/A N/A N/A N/A N/A 25.4 No No 0 0 0 0 0 0 0 0 0 0 0 0 0 0 0 0 0 0 0 0 0 0 0 0 0 3.36 3.60 31 
366 05.08.2011 06:33:11 05.08.2011 02:33:11 N/A N/A N/A N/A N/A N/A 25.4 No No 0 0 0 0 0 0 0 0 0 0 0 0 0 0 0 0 0 0 0 0 0 0 0 0 0 3.36 3.60 29 
367 05.08.2011 09:03:11 05.08.2011 05:03:11 N/A N/A N/A N/A N/A N/A 25.4 No No 0 0 0 0 0 0 0 0 0 0 0 0 0 0 0 0 0 0 0 0 0 0 0 0 0 3.36 3.60 28 
368 05.08.2011 11:31:43 05.08.2011 07:31:43 N/A N/A N/A N/A N/A N/A 25.4 No No 0 0 0 0 0 0 0 0 0 0 0 0 0 0 0 0 0 0 0 0 0 0 0 0 0 3.36 3.60 29 
369 05.08.2011 14:01:43 05.08.2011 10:01:43 N/A N/A N/A N/A N/A N/A 25.4 No No 0 0 0 0 0 0 0 0 0 0 0 0 0 0 0 0 0 0 0 0 0 0 0 0 0 3.36 3.60 29 
370 05.08.2011 16:33:11 05.08.2011 12:33:11 N/A N/A N/A N/A N/A N/A 25.4 No No 0 0 0 0 0 0 0 0 0 0 0 0 0 0 0 0 0 0 0 0 0 0 0 0 0 3.44 3.60 32 
371 05.08.2011 19:03:11 05.08.2011 15:03:11 N/A N/A N/A N/A N/A N/A 25.4 No No 0 0 0 0 0 0 0 0 0 0 0 0 0 0 0 0 0 0 0 0 0 0 0 0 0 3.44 3.60 33 
372 05.08.2011 21:33:11 05.08.2011 17:33:11 N/A N/A N/A N/A N/A N/A 25.4 No No 0 0 0 0 0 0 0 0 0 0 0 0 0 0 0 0 0 0 0 0 0 0 0 0 0 3.36 3.60 26 
373 06.08.2011 00:02:47 05.08.2011 20:02:47 967026 -5135822 3644210 35.0693601 -79.3366022 73.93 3.4 3D Yes 0 0 0 0 0 0 0 0 0 0 0 0 0 0 0 0 0 0 0 0 0 0 0 0 0 3.36 3.60 27 
374 06.08.2011 02:30:54 05.08.2011 22:30:54 966736 -5135838 3644204 35.0695123 -79.3397592 39.44 3.2 3D Yes 0 0 0 0 0 0 0 0 0 0 0 0 0 0 0 0 0 0 0 0 0 0 0 0 0 3.44 3.60 28 
375 06.08.2011 04:00:39 06.08.2011 00:00:39 966708 -5135745 3644422 35.0716207 -79.3398723 85.66 2.2 3D Yes 0 0 0 0 0 0 0 0 0 0 0 0 0 0 0 0 0 0 0 0 0 0 0 0 0 3.44 3.60 26 
376 06.08.2011 06:30:54 06.08.2011 02:30:54 966704 -5135738 3644443 35.0718150 -79.3399012 91.49 3.0 3D Yes 0 0 0 0 0 0 0 0 0 0 0 0 0 0 0 0 0 0 0 0 0 0 0 0 0 3.44 3.60 28 
377 06.08.2011 09:03:10 06.08.2011 05:03:10 N/A N/A N/A N/A N/A N/A 25.4 No No 0 0 0 0 0 0 0 0 0 0 0 0 0 0 0 0 0 0 0 0 0 0 0 0 0 3.36 3.60 27 
378 06.08.2011 11:33:10 06.08.2011 07:33:10 N/A N/A N/A N/A N/A N/A 25.4 No No 0 0 0 0 0 0 0 0 0 0 0 0 0 0 0 0 0 0 0 0 0 0 0 0 0 3.36 3.60 26 
379 06.08.2011 14:00:55 06.08.2011 10:00:55 967034 -5135819 3644165 35.0690357 -79.3365099 46.88 3.4 3D Yes 0 0 0 0 0 0 0 0 0 0 0 0 0 0 0 0 0 0 0 0 0 0 0 0 0 3.44 3.60 31 
380 06.08.2011 16:31:13 06.08.2011 12:31:13 967024 -5135864 3644185 35.0689638 -79.3367090 93.05 2.2 3D Yes 0 0 0 0 0 0 0 0 0 0 0 0 0 0 0 0 0 0 0 0 0 0 0 0 0 3.44 3.60 31 
381 06.08.2011 19:01:04 06.08.2011 15:01:04 966835 -5135939 3644139 35.0684239 -79.3388974 98.32 2.0 3D Yes 0 0 0 0 0 0 0 0 0 0 0 0 0 0 0 0 0 0 0 0 0 0 0 0 0 3.44 3.60 33 
382 06.08.2011 21:31:12 06.08.2011 17:31:12 966837 -5135945 3644123 35.0682734 -79.3388880 94.26 3.4 3D Yes 0 0 0 0 0 0 0 0 0 0 0 0 0 0 0 0 0 0 0 0 0 0 0 0 0 3.44 3.60 32 
383 07.08.2011 00:01:36 06.08.2011 20:01:36 N/A N/A N/A N/A N/A N/A 25.4 No No 0 0 0 0 0 0 0 0 0 0 0 0 0 0 0 0 0 0 0 0 0 0 0 0 0 3.36 3.60 30 
384 07.08.2011 02:31:36 06.08.2011 22:31:36 N/A N/A N/A N/A N/A N/A 25.4 No No 0 0 0 0 0 0 0 0 0 0 0 0 0 0 0 0 0 0 0 0 0 0 0 0 0 3.36 3.60 29 
385 07.08.2011 04:02:14 07.08.2011 00:02:14 966964 -5136106 3643838 35.0652298 -79.3378463 79.25 5.4 3D Yes 0 0 0 0 0 0 0 0 0 0 0 0 0 0 0 0 0 0 0 0 0 0 0 0 0 3.36 3.60 27 
386 07.08.2011 06:30:47 07.08.2011 02:30:47 966821 -5136079 3643908 35.0660206 -79.3393322 76.09 3.4 3D Yes 0 0 0 0 0 0 0 0 0 0 0 0 0 0 0 0 0 0 0 0 0 0 0 0 0 3.44 3.60 27 
387 07.08.2011 09:01:43 07.08.2011 05:01:43 N/A N/A N/A N/A N/A N/A 25.4 No No 0 0 0 0 0 0 0 0 0 0 0 0 0 0 0 0 0 0 0 0 0 0 0 0 0 3.36 3.60 25 
388 07.08.2011 11:31:23 07.08.2011 07:31:23 967022 -5136173 3643748 35.0641692 -79.3373573 90.22 2.8 3D Yes 0 0 0 0 0 0 0 0 0 0 0 0 0 0 0 0 0 0 0 0 0 0 0 0 0 3.44 3.60 27 
389 07.08.2011 14:01:52 07.08.2011 10:01:52 967033 -5136161 3643756 35.0642788 -79.3372145 86.83 8.0 3D No 0 0 0 0 0 0 0 0 0 0 0 0 0 0 0 0 0 0 0 0 0 0 0 0 0 3.44 3.60 30 
390 07.08.2011 16:31:13 07.08.2011 12:31:13 967099 -5136135 3643776 35.0644954 -79.3364507 87.40 2.0 3D Yes 0 0 0 0 0 0 0 0 0 0 0 0 0 0 0 0 0 0 0 0 0 0 0 0 0 3.44 3.60 33 
391 07.08.2011 19:00:53 07.08.2011 15:00:53 967125 -5136086 3643806 35.0649412 -79.3360712 69.16 3.4 3D Yes 0 0 0 0 0 0 0 0 0 0 0 0 0 0 0 0 0 0 0 0 0 0 0 0 0 3.44 3.60 36 
392 07.08.2011 21:30:54 07.08.2011 17:30:54 967129 -5136104 3643815 35.0649121 -79.3360646 89.42 3.4 3D Yes 0 0 0 0 0 0 0 0 0 0 0 0 0 0 0 0 0 0 0 0 0 0 0 0 0 3.44 3.60 35 
393 08.08.2011 00:00:55 07.08.2011 20:00:55 967030 -5135825 3644206 35.0693115 -79.3365652 74.65 5.8 3D Yes 0 0 0 0 0 0 0 0 0 0 0 0 0 0 0 0 0 0 0 0 0 0 0 0 0 3.44 3.60 31 
394 08.08.2011 02:31:43 07.08.2011 22:31:43 N/A N/A N/A N/A N/A N/A 25.4 No No 0 0 0 0 0 0 0 0 0 0 0 0 0 0 0 0 0 0 0 0 0 0 0 0 0 3.36 3.60 28 
395 08.08.2011 04:03:11 08.08.2011 00:03:11 N/A N/A N/A N/A N/A N/A 25.4 No No 0 0 0 0 0 0 0 0 0 0 0 0 0 0 0 0 0 0 0 0 0 0 0 0 0 3.36 3.60 26 
396 08.08.2011 06:31:43 08.08.2011 02:31:43 N/A N/A N/A N/A N/A N/A 25.4 No No 0 0 0 0 0 0 0 0 0 0 0 0 0 0 0 0 0 0 0 0 0 0 0 0 0 3.36 3.60 27 
397 08.08.2011 09:03:11 08.08.2011 05:03:11 N/A N/A N/A N/A N/A N/A 25.4 No No 0 0 0 0 0 0 0 0 0 0 0 0 0 0 0 0 0 0 0 0 0 0 0 0 0 3.36 3.60 26 
398 08.08.2011 11:30:55 08.08.2011 07:30:55 966729 -5135949 3644103 35.0682089 -79.3400597 69.63 2.0 3D Yes 0 0 0 0 0 0 0 0 0 0 0 0 0 0 0 0 0 0 0 0 0 0 0 0 0 3.44 3.60 27 
399 08.08.2011 14:00:54 08.08.2011 10:00:54 966732 -5135935 3644112 35.0683437 -79.3399990 64.00 2.6 3D Yes 0 0 0 0 0 0 0 0 0 0 0 0 0 0 0 0 0 0 0 0 0 0 0 0 0 3.44 3.60 31 
400 08.08.2011 16:30:54 08.08.2011 12:30:54 966569 -5135939 3644142 35.0687008 -79.3417633 59.78 6.6 3D Yes 0 0 0 0 0 0 0 0 0 0 0 0 0 0 0 0 0 0 0 0 0 0 0 0 0 3.44 3.60 34 
401 08.08.2011 19:00:59 08.08.2011 15:00:59 966491 -5136004 3644156 35.0685480 -79.3427355 108.29 3.0 3D Yes 0 0 0 0 0 0 0 0 0 0 0 0 0 0 0 0 0 0 0 0 0 0 0 0 0 3.44 3.60 36 
402 08.08.2011 21:30:54 08.08.2011 17:30:54 966293 -5136054 3644135 35.0683282 -79.3449702 106.48 3.2 3D Yes 0 0 0 0 0 0 0 0 0 0 0 0 0 0 0 0 0 0 0 0 0 0 0 0 0 3.44 3.60 35 
403 09.08.2011 00:01:42 08.08.2011 20:01:42 N/A N/A N/A N/A N/A N/A 25.4 No No 0 0 0 0 0 0 0 0 0 0 0 0 0 0 0 0 0 0 0 0 0 0 0 0 0 3.36 3.60 30 
404 09.08.2011 02:31:42 08.08.2011 22:31:42 N/A N/A N/A N/A N/A N/A 25.4 No No 0 0 0 0 0 0 0 0 0 0 0 0 0 0 0 0 0 0 0 0 0 0 0 0 0 3.36 3.60 28 
405 09.08.2011 04:01:24 09.08.2011 00:01:24 966995 -5136158 3643804 35.0646846 -79.3376178 106.24 2.2 3D Yes 0 0 0 0 0 0 0 0 0 0 0 0 0 0 0 0 0 0 0 0 0 0 0 0 0 3.44 3.60 30 
406 09.08.2011 06:33:08 09.08.2011 02:33:08 N/A N/A N/A N/A N/A N/A 25.4 No No 0 0 0 0 0 0 0 0 0 0 0 0 0 0 0 0 0 0 0 0 0 0 0 0 0 3.36 3.60 25 
407 09.08.2011 09:01:40 09.08.2011 05:01:40 N/A N/A N/A N/A N/A N/A 25.4 No No 0 0 0 0 0 0 0 0 0 0 0 0 0 0 0 0 0 0 0 0 0 0 0 0 0 3.36 3.60 25 
408 09.08.2011 11:30:44 09.08.2011 07:30:44 966871 -5136019 3644001 35.0669641 -79.3386718 88.83 3.8 3D Yes 0 0 0 0 0 0 0 0 0 0 0 0 0 0 0 0 0 0 0 0 0 0 0 0 0 3.44 3.60 25 
409 09.08.2011 14:00:53 09.08.2011 10:00:53 966975 -5135968 3644023 35.0672864 -79.3374479 76.20 2.6 3D Yes 0 0 0 0 0 0 0 0 0 0 0 0 0 0 0 0 0 0 0 0 0 0 0 0 0 3.44 3.60 30 
410 09.08.2011 16:30:53 09.08.2011 12:30:53 966921 -5135911 3644068 35.0679602 -79.3379140 48.03 7.0 3D Yes 0 0 0 0 0 0 0 0 0 0 0 0 0 0 0 0 0 0 0 0 0 0 0 0 0 3.44 3.60 35 
411 09.08.2011 19:00:47 09.08.2011 15:00:47 966875 -5135921 3644081 35.0680493 -79.3384299 56.58 2.2 3D Yes 0 0 0 0 0 0 0 0 0 0 0 0 0 0 0 0 0 0 0 0 0 0 0 0 0 3.44 3.60 34 
412 09.08.2011 21:30:53 09.08.2011 17:30:53 966823 -5135951 3644092 35.0680276 -79.3390510 79.15 1.8 3D Yes 0 0 0 0 0 0 0 0 0 0 0 0 0 0 0 0 0 0 0 0 0 0 0 0 0 3.44 3.60 34 
413 10.08.2011 00:03:09 09.08.2011 20:03:09 N/A N/A N/A N/A N/A N/A 25.4 No No 0 0 0 0 0 0 0 0 0 0 0 0 0 0 0 0 0 0 0 0 0 0 0 0 0 3.36 3.60 30 
414 10.08.2011 02:33:09 09.08.2011 22:33:09 N/A N/A N/A N/A N/A N/A 25.4 No No 0 0 0 0 0 0 0 0 0 0 0 0 0 0 0 0 0 0 0 0 0 0 0 0 0 3.36 3.60 29 
415 10.08.2011 04:03:09 10.08.2011 00:03:09 N/A N/A N/A N/A N/A N/A 25.4 No No 0 0 0 0 0 0 0 0 0 0 0 0 0 0 0 0 0 0 0 0 0 0 0 0 0 3.36 3.60 28 
416 10.08.2011 06:31:46 10.08.2011 02:31:46 966583 -5135881 3644246 35.0697498 -79.3414949 75.00 2.0 2D No 0 0 0 0 0 0 0 0 0 0 0 0 0 0 0 0 0 0 0 0 0 0 0 0 0 3.44 3.60 29 
417 10.08.2011 09:03:06 10.08.2011 05:03:06 N/A N/A N/A N/A N/A N/A 25.4 No No 0 0 0 0 0 0 0 0 0 0 0 0 0 0 0 0 0 0 0 0 0 0 0 0 0 3.36 3.60 25 
418 10.08.2011 11:30:56 10.08.2011 07:30:56 966951 -5136265 3643641 35.0629797 -79.3383088 92.00 2.0 3D Yes 0 0 0 0 0 0 0 0 0 0 0 0 0 0 0 0 0 0 0 0 0 0 0 0 0 3.44 3.60 27 
419 10.08.2011 14:00:49 10.08.2011 10:00:49 966954 -5136269 3643654 35.0630523 -79.3382846 103.14 3.6 3D Yes 0 0 0 0 0 0 0 0 0 0 0 0 0 0 0 0 0 0 0 0 0 0 0 0 0 3.44 3.60 31 
420 10.08.2011 16:30:54 10.08.2011 12:30:54 966971 -5136270 3643633 35.0628760 -79.3381035 94.46 3.6 3D Yes 0 0 0 0 0 0 0 0 0 0 0 0 0 0 0 0 0 0 0 0 0 0 0 0 0 3.44 3.60 33 
421 10.08.2011 19:00:48 10.08.2011 15:00:48 966947 -5136273 3643636 35.0629059 -79.3383682 94.96 2.6 3D Yes 0 0 0 0 0 0 0 0 0 0 0 0 0 0 0 0 0 0 0 0 0 0 0 0 0 3.44 3.60 35 
422 10.08.2011 21:30:37 10.08.2011 17:30:37 966872 -5136343 3643618 35.0624887 -79.3393181 129.57 3.0 3D Yes 0 0 0 0 0 0 0 0 0 0 0 0 0 0 0 0 0 0 0 0 0 0 0 0 0 3.44 3.60 35 
423 11.08.2011 00:02:43 10.08.2011 20:02:43 966794 -5136289 3643710 35.0635170 -79.3400489 127.17 7.2 3D No 0 0 0 0 0 0 0 0 0 0 0 0 0 0 0 0 0 0 0 0 0 0 0 0 0 3.44 3.60 30 
424 11.08.2011 02:30:38 10.08.2011 22:30:38 966854 -5136134 3643910 35.0657238 -79.3390882 126.48 8.2 2D No 0 0 0 0 0 0 0 0 0 0 0 0 0 0 0 0 0 0 0 0 0 0 0 0 0 3.36 3.60 25 
425 11.08.2011 04:01:47 11.08.2011 00:01:47 966984 -5136071 3643821 35.0652633 -79.3375598 44.36 3.6 3D Yes 0 0 0 0 0 0 0 0 0 0 0 0 0 0 0 0 0 0 0 0 0 0 0 0 0 3.36 3.60 27 
426 11.08.2011 06:30:54 11.08.2011 02:30:54 967217 -5136153 3643688 35.0636415 -79.3352159 69.20 2.4 3D Yes 0 0 0 0 0 0 0 0 0 0 0 0 0 0 0 0 0 0 0 0 0 0 0 0 0 3.44 3.60 25 
427 11.08.2011 09:01:34 11.08.2011 05:01:34 967085 -5136261 3643567 35.0623257 -79.3368571 66.57 3.8 3D Yes 0 0 0 0 0 0 0 0 0 0 0 0 0 0 0 0 0 0 0 0 0 0 0 0 0 3.36 3.60 23 
428 11.08.2011 11:30:51 11.08.2011 07:30:51 967184 -5136223 3643633 35.0629111 -79.3357135 88.91 1.6 3D Yes 0 0 0 0 0 0 0 0 0 0 0 0 0 0 0 0 0 0 0 0 0 0 0 0 0 3.44 3.60 26 
429 11.08.2011 14:02:10 11.08.2011 10:02:10 967274 -5136176 3643679 35.0634034 -79.3346485 91.16 3.2 2D No 0 0 0 0 0 0 0 0 0 0 0 0 0 0 0 0 0 0 0 0 0 0 0 0 0 3.44 3.60 28 
430 11.08.2011 16:30:48 11.08.2011 12:30:48 967239 -5136141 3643616 35.0631503 -79.3349546 21.52 8.0 3D Yes 0 0 0 0 0 0 0 0 0 0 0 0 0 0 0 0 0 0 0 0 0 0 0 0 0 3.44 3.60 33 
431 11.08.2011 19:00:41 11.08.2011 15:00:41 967245 -5136182 3643627 35.0630170 -79.3349731 61.72 2.2 3D Yes 0 0 0 0 0 0 0 0 0 0 0 0 0 0 0 0 0 0 0 0 0 0 0 0 0 3.44 3.60 34 
432 11.08.2011 21:31:18 11.08.2011 17:31:18 967207 -5136263 3643567 35.0621986 -79.3355468 86.66 5.6 3D Yes 0 0 0 0 0 0 0 0 0 0 0 0 0 0 0 0 0 0 0 0 0 0 0 0 0 3.44 3.60 33 
433 12.08.2011 00:01:26 11.08.2011 20:01:26 967223 -5136357 3643439 35.0607606 -79.3355652 91.16 1.8 3D Yes 0 0 0 0 0 0 0 0 0 0 0 0 0 0 0 0 0 0 0 0 0 0 0 0 0 3.44 3.60 29 
434 12.08.2011 02:30:42 11.08.2011 22:30:42 966777 -5136299 3643637 35.0629438 -79.3402524 90.71 4.2 3D Yes 0 0 0 0 0 0 0 0 0 0 0 0 0 0 0 0 0 0 0 0 0 0 0 0 0 3.44 3.60 28 
435 12.08.2011 04:01:18 12.08.2011 00:01:18 966777 -5136277 3643674 35.0633287 -79.3402077 94.27 3.8 3D Yes 0 0 0 0 0 0 0 0 0 0 0 0 0 0 0 0 0 0 0 0 0 0 0 0 0 3.44 3.60 28 
436 12.08.2011 06:31:10 12.08.2011 02:31:10 967051 -5136087 3643877 35.0655308 -79.3368704 99.55 3.0 3D Yes 0 0 0 0 0 0 0 0 0 0 0 0 0 0 0 0 0 0 0 0 0 0 0 0 0 3.44 3.60 25 
437 12.08.2011 09:01:06 12.08.2011 05:01:06 966953 -5136197 3643742 35.0640689 -79.3381494 95.63 2.4 3D Yes 0 0 0 0 0 0 0 0 0 0 0 0 0 0 0 0 0 0 0 0 0 0 0 0 0 3.44 3.60 25 
438 12.08.2011 11:31:01 12.08.2011 07:31:01 966893 -5136204 3643733 35.0640244 -79.3388100 87.00 1.6 3D Yes 0 0 0 0 0 0 0 0 0 0 0 0 0 0 0 0 0 0 0 0 0 0 0 0 0 3.44 3.60 24 
439 12.08.2011 14:01:48 12.08.2011 10:01:48 966881 -5136208 3643724 35.0639491 -79.3389474 83.23 8.4 3D Yes 0 0 0 0 0 0 0 0 0 0 0 0 0 0 0 0 0 0 0 0 0 0 0 0 0 3.44 3.60 30 
440 12.08.2011 16:30:50 12.08.2011 12:30:50 966855 -5136227 3643677 35.0635306 -79.3392660 67.58 7.6 3D Yes 0 0 0 0 0 0 0 0 0 0 0 0 0 0 0 0 0 0 0 0 0 0 0 0 0 3.44 3.60 34 
441 12.08.2011 19:01:07 12.08.2011 15:01:07 966910 -5136280 3643677 35.0632082 -79.3387810 118.54 1.6 3D Yes 0 0 0 0 0 0 0 0 0 0 0 0 0 0 0 0 0 0 0 0 0 0 0 0 0 3.44 3.60 35 
442 12.08.2011 21:31:07 12.08.2011 17:31:07 966876 -5136250 3643661 35.0632754 -79.3390864 80.07 3.4 3D Yes 0 0 0 0 0 0 0 0 0 0 0 0 0 0 0 0 0 0 0 0 0 0 0 0 0 3.44 3.60 32 
443 13.08.2011 00:01:24 12.08.2011 20:01:24 966865 -5136256 3643714 35.0636464 -79.3392171 113.68 2.8 3D Yes 0 0 0 0 0 0 0 0 0 0 0 0 0 0 0 0 0 0 0 0 0 0 0 0 0 3.44 3.60 26 
444 13.08.2011 02:30:47 12.08.2011 22:30:47 966898 -5136165 3643811 35.0647935 -79.3386770 101.20 2.2 3D Yes 0 0 0 0 0 0 0 0 0 0 0 0 0 0 0 0 0 0 0 0 0 0 0 0 0 3.44 3.60 26 
445 13.08.2011 04:01:09 13.08.2011 00:01:09 966782 -5136063 3643990 35.0667443 -79.3397199 104.43 1.6 3D Yes 0 0 0 0 0 0 0 0 0 0 0 0 0 0 0 0 0 0 0 0 0 0 0 0 0 3.36 3.60 23 
446 13.08.2011 06:30:48 13.08.2011 02:30:48 966818 -5135880 3644220 35.0693380 -79.3389609 94.83 2.0 3D Yes 0 0 0 0 0 0 0 0 0 0 0 0 0 0 0 0 0 0 0 0 0 0 0 0 0 3.44 3.60 23 
447 13.08.2011 09:00:25 13.08.2011 05:00:25 966789 -5135919 3644151 35.0686583 -79.3393524 82.17 4.0 3D Yes 0 0 0 0 0 0 0 0 0 0 0 0 0 0 0 0 0 0 0 0 0 0 0 0 0 3.44 3.60 24 
448 13.08.2011 11:30:55 13.08.2011 07:30:55 966583 -5135993 3644140 35.0683978 -79.3417220 104.18 3.4 3D Yes 0 0 0 0 0 0 0 0 0 0 0 0 0 0 0 0 0 0 0 0 0 0 0 0 0 3.44 3.60 25 
449 13.08.2011 14:02:24 13.08.2011 10:02:24 966584 -5135966 3644150 35.0686080 -79.3416565 88.36 6.0 3D Yes 0 0 0 0 0 0 0 0 0 0 0 0 0 0 0 0 0 0 0 0 0 0 0 0 0 3.44 3.60 26 
450 13.08.2011 16:31:11 13.08.2011 12:31:11 966520 -5135930 3644254 35.0696198 -79.3422730 109.47 7.4 3D Yes 0 0 0 0 0 0 0 0 0 0 0 0 0 0 0 0 0 0 0 0 0 0 0 0 0 3.44 3.60 24 
451 13.08.2011 19:01:19 13.08.2011 15:01:19 966549 -5135843 3644367 35.0708684 -79.3417841 108.81 3.0 3D Yes 0 0 0 0 0 0 0 0 0 0 0 0 0 0 0 0 0 0 0 0 0 0 0 0 0 3.44 3.60 25 
452 13.08.2011 21:30:54 13.08.2011 17:30:54 966653 -5135845 3644333 35.0705078 -79.3406677 106.63 2.8 3D Yes 0 0 0 0 0 0 0 0 0 0 0 0 0 0 0 0 0 0 0 0 0 0 0 0 0 3.44 3.60 29 
453 14.08.2011 00:02:47 13.08.2011 20:02:47 966601 -5135660 3644592 35.0734099 -79.3408528 98.78 7.6 3D No 0 0 0 0 0 0 0 0 0 0 0 0 0 0 0 0 0 0 0 0 0 0 0 0 0 3.44 3.60 26 
454 14.08.2011 02:30:41 13.08.2011 22:30:41 966754 -5135534 3644750 35.0750702 -79.3389487 111.40 2.8 3D Yes 0 0 0 0 0 0 0 0 0 0 0 0 0 0 0 0 0 0 0 0 0 0 0 0 0 3.44 3.60 28 
455 14.08.2011 04:00:26 14.08.2011 00:00:26 966711 -5135514 3644776 35.0754050 -79.3393714 103.74 6.6 3D Yes 0 0 0 0 0 0 0 0 0 0 0 0 0 0 0 0 0 0 0 0 0 0 0 0 0 3.44 3.60 26 
456 14.08.2011 06:31:18 14.08.2011 02:31:18 966914 -5135965 3644043 35.0675076 -79.3380990 76.04 2.8 3D Yes 0 0 0 0 0 0 0 0 0 0 0 0 0 0 0 0 0 0 0 0 0 0 0 0 0 3.44 3.60 25 
457 14.08.2011 09:01:41 14.08.2011 05:01:41 966865 -5136085 3643899 35.0658815 -79.3388703 82.41 3.0 3D Yes 0 0 0 0 0 0 0 0 0 0 0 0 0 0 0 0 0 0 0 0 0 0 0 0 0 3.44 3.60 26 
458 14.08.2011 11:30:54 14.08.2011 07:30:54 967153 -5136301 3643535 35.0618209 -79.3362057 90.66 3.4 3D Yes 0 0 0 0 0 0 0 0 0 0 0 0 0 0 0 0 0 0 0 0 0 0 0 0 0 3.44 3.60 26 
459 14.08.2011 14:00:54 14.08.2011 10:00:54 967155 -5136297 3643538 35.0618615 -79.3361760 89.47 2.8 3D Yes 0 0 0 0 0 0 0 0 0 0 0 0 0 0 0 0 0 0 0 0 0 0 0 0 0 3.44 3.60 28 
460 14.08.2011 16:30:53 14.08.2011 12:30:53 967190 -5136286 3643527 35.0618027 -79.3357766 79.60 7.0 3D Yes 0 0 0 0 0 0 0 0 0 0 0 0 0 0 0 0 0 0 0 0 0 0 0 0 0 3.44 3.60 30 
461 14.08.2011 19:01:13 14.08.2011 15:01:13 967184 -5136246 3643586 35.0624473 -79.3357601 80.41 3.4 3D Yes 0 0 0 0 0 0 0 0 0 0 0 0 0 0 0 0 0 0 0 0 0 0 0 0 0 3.44 3.60 31 
462 14.08.2011 21:31:25 14.08.2011 17:31:25 967187 -5136245 3643601 35.0625602 -79.3357258 88.68 2.2 3D Yes 0 0 0 0 0 0 0 0 0 0 0 0 0 0 0 0 0 0 0 0 0 0 0 0 0 3.44 3.60 31 
463 15.08.2011 00:01:12 14.08.2011 20:01:12 967086 -5136124 3643783 35.0646155 -79.3365684 80.61 2.4 3D Yes 0 0 0 0 0 0 0 0 0 0 0 0 0 0 0 0 0 0 0 0 0 0 0 0 0 3.44 3.60 28 
464 15.08.2011 02:30:43 14.08.2011 22:30:43 966917 -5135970 3644031 35.0673908 -79.3380768 73.62 3.8 3D Yes 0 0 0 0 0 0 0 0 0 0 0 0 0 0 0 0 0 0 0 0 0 0 0 0 0 3.44 3.60 24 
465 15.08.2011 04:01:08 15.08.2011 00:01:08 966693 -5136103 3643891 35.0658956 -79.3407599 66.25 3.2 3D Yes 0 0 0 0 0 0 0 0 0 0 0 0 0 0 0 0 0 0 0 0 0 0 0 0 0 3.36 3.60 20 
466 15.08.2011 06:32:08 15.08.2011 02:32:08 966855 -5136181 3643814 35.0647754 -79.3391727 109.28 1.8 3D Yes 0 0 0 0 0 0 0 0 0 0 0 0 0 0 0 0 0 0 0 0 0 0 0 0 0 3.36 3.60 22 
467 15.08.2011 09:00:23 15.08.2011 05:00:23 966738 -5136007 3644046 35.0674846 -79.3400804 84.90 3.0 3D Yes 0 0 0 0 0 0 0 0 0 0 0 0 0 0 0 0 0 0 0 0 0 0 0 0 0 3.44 3.60 20 
468 15.08.2011 11:31:03 15.08.2011 07:31:03 966608 -5136004 3644081 35.0678826 -79.3414749 82.91 4.0 3D Yes 0 0 0 0 0 0 0 0 0 0 0 0 0 0 0 0 0 0 0 0 0 0 0 0 0 3.36 3.60 22 
469 15.08.2011 14:01:47 15.08.2011 10:01:47 966702 -5135982 3644106 35.0680890 -79.3404175 93.81 3.0 3D Yes 0 0 0 0 0 0 0 0 0 0 0 0 0 0 0 0 0 0 0 0 0 0 0 0 0 3.44 3.60 30 
470 15.08.2011 16:31:06 15.08.2011 12:31:06 966740 -5135996 3644086 35.0678338 -79.3400365 99.34 8.4 3D Yes 0 0 0 0 0 0 0 0 0 0 0 0 0 0 0 0 0 0 0 0 0 0 0 0 0 3.44 3.60 31 
471 15.08.2011 19:00:35 15.08.2011 15:00:35 966557 -5136045 3644029 35.0673392 -79.3421075 78.30 3.6 3D Yes 0 0 0 0 0 0 0 0 0 0 0 0 0 0 0 0 0 0 0 0 0 0 0 0 0 3.44 3.60 31 
472 15.08.2011 21:30:54 15.08.2011 17:30:54 966277 -5136072 3644098 35.0679789 -79.3451790 97.28 5.6 3D Yes 0 0 0 0 0 0 0 0 0 0 0 0 0 0 0 0 0 0 0 0 0 0 0 0 0 3.44 3.60 32 
473 16.08.2011 00:01:17 15.08.2011 20:01:17 966597 -5136058 3643998 35.0670060 -79.3417029 77.00 4.2 3D Yes 0 0 0 0 0 0 0 0 0 0 0 0 0 0 0 0 0 0 0 0 0 0 0 0 0 3.44 3.60 26 
474 16.08.2011 02:30:42 15.08.2011 22:30:42 966915 -5136079 3643927 35.0660707 -79.3383194 101.24 2.6 3D Yes 0 0 0 0 0 0 0 0 0 0 0 0 0 0 0 0 0 0 0 0 0 0 0 0 0 3.44 3.60 25 
475 16.08.2011 04:00:56 16.08.2011 00:00:56 966897 -5136004 3644023 35.0671779 -79.3383612 93.35 2.8 3D Yes 0 0 0 0 0 0 0 0 0 0 0 0 0 0 0 0 0 0 0 0 0 0 0 0 0 3.44 3.60 23 
476 16.08.2011 06:30:29 16.08.2011 02:30:29 967000 -5136163 3643770 35.0644035 -79.3375741 91.48 2.8 3D Yes 0 0 0 0 0 0 0 0 0 0 0 0 0 0 0 0 0 0 0 0 0 0 0 0 0 3.44 3.60 22 
477 16.08.2011 09:01:24 16.08.2011 05:01:24 967114 -5136199 3643682 35.0634618 -79.3364189 87.15 3.6 3D Yes 0 0 0 0 0 0 0 0 0 0 0 0 0 0 0 0 0 0 0 0 0 0 0 0 0 3.36 3.60 21 
478 16.08.2011 11:30:54 16.08.2011 07:30:54 967122 -5136154 3643781 35.0644136 -79.3362414 109.04 2.0 3D Yes 0 0 0 0 0 0 0 0 0 0 0 0 0 0 0 0 0 0 0 0 0 0 0 0 0 3.44 3.60 23 
479 16.08.2011 14:01:20 16.08.2011 10:01:20 967211 -5136103 3643765 35.0644698 -79.3351791 72.31 2.8 3D Yes 0 0 0 0 0 0 0 0 0 0 0 0 0 0 0 0 0 0 0 0 0 0 0 0 0 3.44 3.60 27 
480 16.08.2011 16:30:53 16.08.2011 12:30:53 967213 -5136102 3643757 35.0644139 -79.3351556 67.21 5.0 3D Yes 0 0 0 0 0 0 0 0 0 0 0 0 0 0 0 0 0 0 0 0 0 0 0 0 0 3.44 3.60 32 
481 16.08.2011 19:00:50 16.08.2011 15:00:50 967165 -5136090 3643806 35.0648825 -79.3356483 78.44 3.6 3D Yes 0 0 0 0 0 0 0 0 0 0 0 0 0 0 0 0 0 0 0 0 0 0 0 0 0 3.44 3.60 33 
482 16.08.2011 21:30:53 16.08.2011 17:30:53 967190 -5136048 3643868 35.0655297 -79.3352938 84.06 2.8 3D Yes 0 0 0 0 0 0 0 0 0 0 0 0 0 0 0 0 0 0 0 0 0 0 0 0 0 3.44 3.60 31 
483 17.08.2011 00:01:47 16.08.2011 20:01:47 966958 -5135978 3644031 35.0673108 -79.3376513 86.27 2.8 3D Yes 0 0 0 0 0 0 0 0 0 0 0 0 0 0 0 0 0 0 0 0 0 0 0 0 0 3.44 3.60 29 
484 17.08.2011 02:30:34 16.08.2011 22:30:34 966779 -5136237 3643767 35.0642165 -79.3401051 115.82 4.0 3D Yes 0 0 0 0 0 0 0 0 0 0 0 0 0 0 0 0 0 0 0 0 0 0 0 0 0 3.44 3.60 22 
485 17.08.2011 04:00:41 17.08.2011 00:00:41 966708 -5136038 3644010 35.0670900 -79.3404665 84.61 3.0 3D Yes 0 0 0 0 0 0 0 0 0 0 0 0 0 0 0 0 0 0 0 0 0 0 0 0 0 3.44 3.60 22 
486 17.08.2011 06:30:47 17.08.2011 02:30:47 966513 -5136282 3643802 35.0645005 -79.3430621 131.86 4.4 3D Yes 0 0 0 0 0 0 0 0 0 0 0 0 0 0 0 0 0 0 0 0 0 0 0 0 0 3.36 3.60 21 
487 17.08.2011 09:00:53 17.08.2011 05:00:53 966527 -5136288 3643754 35.0641024 -79.3429234 111.23 3.0 3D Yes 0 0 0 0 0 0 0 0 0 0 0 0 0 0 0 0 0 0 0 0 0 0 0 0 0 3.44 3.60 23 
488 17.08.2011 11:30:54 17.08.2011 07:30:54 966940 -5136262 3643633 35.0629464 -79.3384213 83.33 3.4 3D Yes 0 0 0 0 0 0 0 0 0 0 0 0 0 0 0 0 0 0 0 0 0 0 0 0 0 3.44 3.60 22 
489 17.08.2011 14:00:57 17.08.2011 10:00:57 966941 -5136328 3643638 35.0626465 -79.3385443 139.44 6.0 3D Yes 0 0 0 0 0 0 0 0 0 0 0 0 0 0 0 0 0 0 0 0 0 0 0 0 0 3.44 3.60 28 
490 17.08.2011 16:30:51 17.08.2011 12:30:51 966936 -5136285 3643697 35.0633054 -79.3385110 137.99 4.6 3D Yes 0 0 0 0 0 0 0 0 0 0 0 0 0 0 0 0 0 0 0 0 0 0 0 0 0 3.44 3.60 32 
491 17.08.2011 19:01:14 17.08.2011 15:01:14 966936 -5136298 3643662 35.0629810 -79.3385374 128.34 2.0 3D Yes 0 0 0 0 0 0 0 0 0 0 0 0 0 0 0 0 0 0 0 0 0 0 0 0 0 3.44 3.60 35 
492 17.08.2011 21:32:23 17.08.2011 17:32:23 966628 -5136265 3643788 35.0643736 -79.3417887 127.55 3.0 2D No 0 0 0 0 0 0 0 0 0 0 0 0 0 0 0 0 0 0 0 0 0 0 0 0 0 3.44 3.60 31 
493 18.08.2011 00:01:23 17.08.2011 20:01:23 966289 -5136357 3643747 35.0639275 -79.3456274 126.69 4.6 3D Yes 0 0 0 0 0 0 0 0 0 0 0 0 0 0 0 0 0 0 0 0 0 0 0 0 0 3.44 3.60 27 
494 18.08.2011 02:31:08 17.08.2011 22:31:08 966495 -5136273 3643786 35.0644455 -79.3432378 112.70 2.6 3D Yes 0 0 0 0 0 0 0 0 0 0 0 0 0 0 0 0 0 0 0 0 0 0 0 0 0 3.44 3.60 27 
495 18.08.2011 04:00:53 18.08.2011 00:00:53 966799 -5136090 3643952 35.0663103 -79.3395915 106.89 2.8 3D Yes 0 0 0 0 0 0 0 0 0 0 0 0 0 0 0 0 0 0 0 0 0 0 0 0 0 3.44 3.60 23 
496 18.08.2011 06:31:27 18.08.2011 02:31:27 966594 -5135931 3644242 35.0694553 -79.3414777 114.58 1.8 3D Yes 0 0 0 0 0 0 0 0 0 0 0 0 0 0 0 0 0 0 0 0 0 0 0 0 0 3.36 3.60 24 
497 18.08.2011 09:00:48 18.08.2011 05:00:48 966762 -5135925 3644146 35.0686167 -79.3396555 80.03 2.8 3D Yes 0 0 0 0 0 0 0 0 0 0 0 0 0 0 0 0 0 0 0 0 0 0 0 0 0 3.44 3.60 22 
498 18.08.2011 11:30:27 18.08.2011 07:30:27 966981 -5135963 3644045 35.0674684 -79.3373731 85.73 2.6 3D Yes 0 0 0 0 0 0 0 0 0 0 0 0 0 0 0 0 0 0 0 0 0 0 0 0 0 3.44 3.60 23 
499 18.08.2011 14:00:55 18.08.2011 10:00:55 967029 -5135934 3644072 35.0677691 -79.3367971 85.18 3.4 3D Yes 0 0 0 0 0 0 0 0 0 0 0 0 0 0 0 0 0 0 0 0 0 0 0 0 0 3.44 3.60 29 
500 18.08.2011 16:30:56 18.08.2011 12:30:56 967024 -5135969 3644137 35.0680753 -79.3369220 149.92 8.6 3D Yes 0 0 0 0 0 0 0 0 0 0 0 0 0 0 0 0 0 0 0 0 0 0 0 0 0 3.44 3.60 31 
501 18.08.2011 19:00:55 18.08.2011 15:00:55 967017 -5135902 3644116 35.0682681 -79.3368615 82.91 5.0 3D Yes 0 0 0 0 0 0 0 0 0 0 0 0 0 0 0 0 0 0 0 0 0 0 0 0 0 3.44 3.60 33 
502 18.08.2011 21:30:54 18.08.2011 17:30:54 967058 -5135900 3644131 35.0683497 -79.3364157 96.13 2.6 3D Yes 0 0 0 0 0 0 0 0 0 0 0 0 0 0 0 0 0 0 0 0 0 0 0 0 0 3.44 3.60 32 
503 19.08.2011 00:01:50 18.08.2011 20:01:50 967056 -5136193 3643680 35.0635332 -79.3370316 72.39 7.2 3D No 0 0 0 0 0 0 0 0 0 0 0 0 0 0 0 0 0 0 0 0 0 0 0 0 0 3.44 3.60 29 
504 19.08.2011 02:30:54 18.08.2011 22:30:54 967133 -5136288 3643540 35.0619431 -79.3363948 80.05 2.2 3D Yes 0 0 0 0 0 0 0 0 0 0 0 0 0 0 0 0 0 0 0 0 0 0 0 0 0 3.44 3.60 28 
505 19.08.2011 04:01:23 19.08.2011 00:01:23 967039 -5136222 3643610 35.0628855 -79.3372736 52.93 2.6 3D Yes 0 0 0 0 0 0 0 0 0 0 0 0 0 0 0 0 0 0 0 0 0 0 0 0 0 3.44 3.60 26 
506 19.08.2011 06:30:53 19.08.2011 02:30:53 966807 -5136243 3643713 35.0637608 -79.3398156 93.86 2.8 3D Yes 0 0 0 0 0 0 0 0 0 0 0 0 0 0 0 0 0 0 0 0 0 0 0 0 0 3.44 3.60 23 
507 19.08.2011 09:01:36 19.08.2011 05:01:36 966990 -5136218 3643697 35.0635946 -79.3377933 92.27 2.2 2D No 0 0 0 0 0 0 0 0 0 0 0 0 0 0 0 0 0 0 0 0 0 0 0 0 0 3.36 3.60 22 
508 19.08.2011 11:30:54 19.08.2011 07:30:54 967214 -5136216 3643621 35.0628295 -79.3353761 80.93 3.4 3D Yes 0 0 0 0 0 0 0 0 0 0 0 0 0 0 0 0 0 0 0 0 0 0 0 0 0 3.44 3.60 24 
509 19.08.2011 14:01:48 19.08.2011 10:01:48 967204 -5136226 3643626 35.0628250 -79.3355041 90.33 3.4 3D Yes 0 0 0 0 0 0 0 0 0 0 0 0 0 0 0 0 0 0 0 0 0 0 0 0 0 3.44 3.60 29 
510 19.08.2011 16:30:42 19.08.2011 12:30:42 967225 -5136218 3643614 35.0627571 -79.3352616 80.18 6.4 3D Yes 0 0 0 0 0 0 0 0 0 0 0 0 0 0 0 0 0 0 0 0 0 0 0 0 0 3.44 3.60 33 
511 19.08.2011 19:01:12 19.08.2011 15:01:12 967241 -5136228 3643628 35.0627942 -79.3351095 98.69 3.0 3D Yes 0 0 0 0 0 0 0 0 0 0 0 0 0 0 0 0 0 0 0 0 0 0 0 0 0 3.44 3.60 36 
512 19.08.2011 21:30:46 19.08.2011 17:30:46 967211 -5136189 3643660 35.0632575 -79.3353536 81.16 2.2 3D Yes 0 0 0 0 0 0 0 0 0 0 0 0 0 0 0 0 0 0 0 0 0 0 0 0 0 3.44 3.60 34 
513 20.08.2011 00:01:47 19.08.2011 20:01:47 966880 -5136004 3644008 35.0670835 -79.3385444 82.15 4.6 3D Yes 0 0 0 0 0 0 0 0 0 0 0 0 0 0 0 0 0 0 0 0 0 0 0 0 0 3.44 3.60 28 
514 20.08.2011 02:31:04 19.08.2011 22:31:04 966452 -5136266 3643850 35.0649944 -79.3436868 137.33 2.4 3D Yes 0 0 0 0 0 0 0 0 0 0 0 0 0 0 0 0 0 0 0 0 0 0 0 0 0 3.44 3.60 28 
515 20.08.2011 04:01:23 20.08.2011 00:01:23 966459 -5136264 3643850 35.0649979 -79.3436074 136.78 3.0 3D Yes 0 0 0 0 0 0 0 0 0 0 0 0 0 0 0 0 0 0 0 0 0 0 0 0 0 3.44 3.60 28 
516 20.08.2011 06:31:24 20.08.2011 02:31:24 967098 -5136310 3643614 35.0624106 -79.3368164 134.95 3.0 3D Yes 0 0 0 0 0 0 0 0 0 0 0 0 0 0 0 0 0 0 0 0 0 0 0 0 0 3.44 3.60 25 
517 20.08.2011 09:01:23 20.08.2011 05:01:23 967283 -5136416 3643359 35.0598126 -79.3350385 101.76 3.2 3D No 0 0 0 0 0 0 0 0 0 0 0 0 0 0 0 0 0 0 0 0 0 0 0 0 0 3.44 3.60 25 
518 20.08.2011 11:31:11 20.08.2011 07:31:11 966746 -5136321 3643559 35.0622861 -79.3406309 58.90 4.0 3D Yes 0 0 0 0 0 0 0 0 0 0 0 0 0 0 0 0 0 0 0 0 0 0 0 0 0 3.44 3.60 25 
519 20.08.2011 14:01:24 20.08.2011 10:01:24 966889 -5136243 3643634 35.0630994 -79.3389322 60.90 2.8 3D Yes 0 0 0 0 0 0 0 0 0 0 0 0 0 0 0 0 0 0 0 0 0 0 0 0 0 3.44 3.60 27 
520 20.08.2011 16:30:54 20.08.2011 12:30:54 966893 -5136279 3643657 35.0630820 -79.3389621 103.67 4.4 3D Yes 0 0 0 0 0 0 0 0 0 0 0 0 0 0 0 0 0 0 0 0 0 0 0 0 0 3.44 3.60 30 
521 20.08.2011 19:00:54 20.08.2011 15:00:54 966953 -5136243 3643666 35.0632741 -79.3382427 88.97 2.6 3D Yes 0 0 0 0 0 0 0 0 0 0 0 0 0 0 0 0 0 0 0 0 0 0 0 0 0 3.44 3.60 35 
522 20.08.2011 21:31:33 20.08.2011 17:31:33 966949 -5136258 3643660 35.0631574 -79.3383162 96.98 2.4 3D Yes 0 0 0 0 0 0 0 0 0 0 0 0 0 0 0 0 0 0 0 0 0 0 0 0 0 3.44 3.60 36 
523 21.08.2011 00:01:57 20.08.2011 20:01:57 966851 -5136136 3643862 35.0653624 -79.3391246 100.06 6.6 3D No 0 0 0 0 0 0 0 0 0 0 0 0 0 0 0 0 0 0 0 0 0 0 0 0 0 3.44 3.60 29 
524 21.08.2011 02:31:41 20.08.2011 22:31:41 966797 -5136065 3643980 35.0666460 -79.3395623 102.57 2.8 3D Yes 0 0 0 0 0 0 0 0 0 0 0 0 0 0 0 0 0 0 0 0 0 0 0 0 0 3.36 3.60 25 
525 21.08.2011 04:00:53 21.08.2011 00:00:53 966713 -5136124 3643852 35.0654819 -79.3405870 63.77 2.8 3D Yes 0 0 0 0 0 0 0 0 0 0 0 0 0 0 0 0 0 0 0 0 0 0 0 0 0 3.44 3.60 26 
526 21.08.2011 06:30:42 21.08.2011 02:30:42 966858 -5136026 3643997 35.0669115 -79.3388260 90.20 2.2 3D Yes 0 0 0 0 0 0 0 0 0 0 0 0 0 0 0 0 0 0 0 0 0 0 0 0 0 3.44 3.60 26 
527 21.08.2011 09:01:17 21.08.2011 05:01:17 967104 -5136248 3643609 35.0626835 -79.3366260 83.12 5.4 3D Yes 0 0 0 0 0 0 0 0 0 0 0 0 0 0 0 0 0 0 0 0 0 0 0 0 0 3.44 3.60 25 
528 21.08.2011 11:30:54 21.08.2011 07:30:54 967087 -5136152 3643759 35.0642950 -79.3366145 89.49 5.2 3D Yes 0 0 0 0 0 0 0 0 0 0 0 0 0 0 0 0 0 0 0 0 0 0 0 0 0 3.44 3.60 25 
529 21.08.2011 14:00:54 21.08.2011 10:00:54 967068 -5136149 3643757 35.0643137 -79.3368131 83.05 2.4 3D Yes 0 0 0 0 0 0 0 0 0 0 0 0 0 0 0 0 0 0 0 0 0 0 0 0 0 3.44 3.60 29 
530 21.08.2011 16:30:34 21.08.2011 12:30:34 967062 -5136131 3643751 35.0643668 -79.3368412 64.22 7.0 3D Yes 0 0 0 0 0 0 0 0 0 0 0 0 0 0 0 0 0 0 0 0 0 0 0 0 0 3.44 3.60 33 
531 21.08.2011 19:01:23 21.08.2011 15:01:23 967062 -5136135 3643766 35.0644571 -79.3368493 76.05 5.6 3D Yes 0 0 0 0 0 0 0 0 0 0 0 0 0 0 0 0 0 0 0 0 0 0 0 0 0 3.44 3.60 34 
532 21.08.2011 21:31:23 21.08.2011 17:31:23 967060 -5136128 3643775 35.0645610 -79.3368567 75.29 2.4 3D Yes 0 0 0 0 0 0 0 0 0 0 0 0 0 0 0 0 0 0 0 0 0 0 0 0 0 3.44 3.60 29 
533 22.08.2011 00:00:54 21.08.2011 20:00:54 967082 -5136138 3643769 35.0644448 -79.3366399 83.22 2.2 3D Yes 0 0 0 0 0 0 0 0 0 0 0 0 0 0 0 0 0 0 0 0 0 0 0 0 0 3.44 3.60 28 
534 22.08.2011 02:31:33 21.08.2011 22:31:33 966554 -5136127 3643963 35.0664378 -79.3423061 105.88 6.6 3D No 0 0 0 0 0 0 0 0 0 0 0 0 0 0 0 0 0 0 0 0 0 0 0 0 0 3.36 3.60 24 
535 22.08.2011 04:01:20 22.08.2011 00:01:20 966762 -5136026 3644010 35.0670993 -79.3398603 83.13 3.0 3D Yes 0 0 0 0 0 0 0 0 0 0 0 0 0 0 0 0 0 0 0 0 0 0 0 0 0 3.36 3.60 23 
536 22.08.2011 06:31:23 22.08.2011 02:31:23 966875 -5136106 3643863 35.0654995 -79.3388051 80.14 3.0 3D Yes 0 0 0 0 0 0 0 0 0 0 0 0 0 0 0 0 0 0 0 0 0 0 0 0 0 3.36 3.60 22 
537 22.08.2011 09:00:48 22.08.2011 05:00:48 966654 -5136148 3643874 35.0655786 -79.3412713 86.78 2.6 3D Yes 0 0 0 0 0 0 0 0 0 0 0 0 0 0 0 0 0 0 0 0 0 0 0 0 0 3.44 3.60 24 
538 22.08.2011 11:30:24 22.08.2011 07:30:24 966442 -5136056 3644066 35.0676663 -79.3433689 91.00 4.8 3D Yes 0 0 0 0 0 0 0 0 0 0 0 0 0 0 0 0 0 0 0 0 0 0 0 0 0 3.44 3.60 22 
539 22.08.2011 14:01:22 22.08.2011 10:01:22 966284 -5136051 3644135 35.0683521 -79.3450610 102.71 1.8 3D Yes 0 0 0 0 0 0 0 0 0 0 0 0 0 0 0 0 0 0 0 0 0 0 0 0 0 3.44 3.60 28 
540 22.08.2011 16:30:32 22.08.2011 12:30:32 966356 -5135766 3644487 35.0723305 -79.3437075 86.62 4.2 3D Yes 0 0 0 0 0 0 0 0 0 0 0 0 0 0 0 0 0 0 0 0 0 0 0 0 0 3.44 3.60 31 
541 22.08.2011 19:01:42 22.08.2011 15:01:42 966328 -5135779 3644480 35.0722395 -79.3440356 88.82 5.8 3D Yes 0 0 0 0 0 0 0 0 0 0 0 0 0 0 0 0 0 0 0 0 0 0 0 0 0 3.44 3.60 33 
542 22.08.2011 21:31:34 22.08.2011 17:31:34 966234 -5135755 3644543 35.0729164 -79.3449997 91.49 2.4 3D Yes 0 0 0 0 0 0 0 0 0 0 0 0 0 0 0 0 0 0 0 0 0 0 0 0 0 3.44 3.60 33 
543 23.08.2011 00:01:11 22.08.2011 20:01:11 966423 -5135817 3644452 35.0717485 -79.3430890 117.67 3.4 3D Yes 0 0 0 0 0 0 0 0 0 0 0 0 0 0 0 0 0 0 0 0 0 0 0 0 0 3.44 3.60 28 
544 23.08.2011 02:31:08 22.08.2011 22:31:08 966411 -5136292 3643775 35.0643481 -79.3441813 108.95 2.4 3D Yes 0 0 0 0 0 0 0 0 0 0 0 0 0 0 0 0 0 0 0 0 0 0 0 0 0 3.44 3.60 27 
545 23.08.2011 04:01:39 23.08.2011 00:01:39 966557 -5136139 3643941 35.0662116 -79.3422981 103.35 3.4 2D No 0 0 0 0 0 0 0 0 0 0 0 0 0 0 0 0 0 0 0 0 0 0 0 0 0 3.44 3.60 26 
546 23.08.2011 06:31:34 23.08.2011 02:31:34 966788 -5136001 3644067 35.0676222 -79.3395295 99.71 2.0 3D Yes 0 0 0 0 0 0 0 0 0 0 0 0 0 0 0 0 0 0 0 0 0 0 0 0 0 3.36 3.60 23 
547 23.08.2011 09:00:44 23.08.2011 05:00:44 966741 -5136040 3644024 35.0671515 -79.3401150 99.26 5.2 3D Yes 0 0 0 0 0 0 0 0 0 0 0 0 0 0 0 0 0 0 0 0 0 0 0 0 0 3.44 3.60 25 
548 23.08.2011 11:30:54 23.08.2011 07:30:54 966712 -5135865 3644277 35.0699364 -79.3400725 99.47 3.2 3D Yes 0 0 0 0 0 0 0 0 0 0 0 0 0 0 0 0 0 0 0 0 0 0 0 0 0 3.44 3.60 24 
549 23.08.2011 14:00:53 23.08.2011 10:00:53 966709 -5135836 3644253 35.0699098 -79.3400460 61.90 5.0 3D Yes 0 0 0 0 0 0 0 0 0 0 0 0 0 0 0 0 0 0 0 0 0 0 0 0 0 3.44 3.60 28 
550 23.08.2011 16:30:48 23.08.2011 12:30:48 966701 -5135841 3644249 35.0698625 -79.3401424 62.41 4.6 3D Yes 0 0 0 0 0 0 0 0 0 0 0 0 0 0 0 0 0 0 0 0 0 0 0 0 0 3.44 3.60 32 
551 23.08.2011 19:00:43 23.08.2011 15:00:43 966563 -5135833 3644316 35.0705297 -79.3416130 73.58 6.0 3D Yes 0 0 0 0 0 0 0 0 0 0 0 0 0 0 0 0 0 0 0 0 0 0 0 0 0 3.44 3.60 33 
552 23.08.2011 21:32:41 23.08.2011 17:32:41 966657 -5135916 3644184 35.0690434 -79.3407685 78.73 3.0 3D Yes 0 0 0 0 0 0 0 0 0 0 0 0 0 0 0 0 0 0 0 0 0 0 0 0 0 3.44 3.60 31 
553 24.08.2011 00:01:24 23.08.2011 20:01:24 966985 -5136016 3643959 35.0665603 -79.3374375 79.55 3.0 3D Yes 0 0 0 0 0 0 0 0 0 0 0 0 0 0 0 0 0 0 0 0 0 0 0 0 0 3.44 3.60 26 
554 24.08.2011 02:31:13 23.08.2011 22:31:13 966801 -5136315 3643623 35.0627361 -79.3400262 99.17 2.4 3D Yes 0 0 0 0 0 0 0 0 0 0 0 0 0 0 0 0 0 0 0 0 0 0 0 0 0 3.44 3.60 25 
555 24.08.2011 04:01:17 24.08.2011 00:01:17 966806 -5136310 3643627 35.0627863 -79.3399622 98.20 2.2 3D Yes 0 0 0 0 0 0 0 0 0 0 0 0 0 0 0 0 0 0 0 0 0 0 0 0 0 3.44 3.60 26 
556 24.08.2011 06:31:03 24.08.2011 02:31:03 966511 -5136202 3643854 35.0652932 -79.3429214 97.08 3.6 3D Yes 0 0 0 0 0 0 0 0 0 0 0 0 0 0 0 0 0 0 0 0 0 0 0 0 0 3.44 3.60 22 
557 24.08.2011 09:01:23 24.08.2011 05:01:23 966508 -5136229 3643810 35.0648340 -79.3430085 93.06 4.4 3D Yes 0 0 0 0 0 0 0 0 0 0 0 0 0 0 0 0 0 0 0 0 0 0 0 0 0 3.44 3.60 24 
558 24.08.2011 11:32:30 24.08.2011 07:32:30 966388 -5136289 3643757 35.0642526 -79.3444230 92.72 2.8 2D No 0 0 0 0 0 0 0 0 0 0 0 0 0 0 0 0 0 0 0 0 0 0 0 0 0 3.36 3.60 21 
559 24.08.2011 14:01:17 24.08.2011 10:01:17 966610 -5136298 3643701 35.0635810 -79.3420495 101.39 2.6 3D Yes 0 0 0 0 0 0 0 0 0 0 0 0 0 0 0 0 0 0 0 0 0 0 0 0 0 3.44 3.60 28 
560 24.08.2011 16:30:53 24.08.2011 12:30:53 966614 -5136307 3643686 35.0634207 -79.3420246 100.61 2.2 3D Yes 0 0 0 0 0 0 0 0 0 0 0 0 0 0 0 0 0 0 0 0 0 0 0 0 0 3.44 3.60 31 
561 24.08.2011 19:00:55 24.08.2011 15:00:55 966596 -5136301 3643668 35.0633357 -79.3422064 82.72 3.4 3D Yes 0 0 0 0 0 0 0 0 0 0 0 0 0 0 0 0 0 0 0 0 0 0 0 0 0 3.44 3.60 34 
562 24.08.2011 21:31:32 24.08.2011 17:31:32 966751 -5136380 3643513 35.0616417 -79.3406967 80.69 2.2 3D Yes 0 0 0 0 0 0 0 0 0 0 0 0 0 0 0 0 0 0 0 0 0 0 0 0 0 3.44 3.60 32 
563 25.08.2011 00:00:49 24.08.2011 20:00:49 966705 -5136144 3643882 35.0656091 -79.3407137 95.88 2.8 3D Yes 0 0 0 0 0 0 0 0 0 0 0 0 0 0 0 0 0 0 0 0 0 0 0 0 0 3.44 3.60 27 
564 25.08.2011 02:30:23 24.08.2011 22:30:23 966695 -5136107 3643927 35.0661390 -79.3407464 90.46 2.2 3D Yes 0 0 0 0 0 0 0 0 0 0 0 0 0 0 0 0 0 0 0 0 0 0 0 0 0 3.44 3.60 28 
565 25.08.2011 04:01:42 25.08.2011 00:01:42 966906 -5136089 3643847 35.0654382 -79.3384367 61.96 4.8 3D Yes 0 0 0 0 0 0 0 0 0 0 0 0 0 0 0 0 0 0 0 0 0 0 0 0 0 3.44 3.60 25 
566 25.08.2011 06:30:48 25.08.2011 02:30:48 966967 -5136238 3643661 35.0632493 -79.3380817 84.20 3.4 3D Yes 0 0 0 0 0 0 0 0 0 0 0 0 0 0 0 0 0 0 0 0 0 0 0 0 0 3.44 3.60 26 
567 25.08.2011 09:01:23 25.08.2011 05:01:23 967155 -5136124 3643766 35.0644239 -79.3358251 81.29 5.2 3D Yes 0 0 0 0 0 0 0 0 0 0 0 0 0 0 0 0 0 0 0 0 0 0 0 0 0 3.36 3.60 24 
568 25.08.2011 11:31:04 25.08.2011 07:31:04 967140 -5136069 3643894 35.0656625 -79.3358751 108.32 2.2 3D Yes 0 0 0 0 0 0 0 0 0 0 0 0 0 0 0 0 0 0 0 0 0 0 0 0 0 3.44 3.60 23 
569 25.08.2011 14:00:55 25.08.2011 10:00:55 967154 -5136077 3643859 35.0653502 -79.3357405 96.76 2.8 3D Yes 0 0 0 0 0 0 0 0 0 0 0 0 0 0 0 0 0 0 0 0 0 0 0 0 0 3.44 3.60 28 
570 25.08.2011 16:30:46 25.08.2011 12:30:46 967155 -5136044 3643893 35.0657680 -79.3356628 89.90 8.8 3D Yes 0 0 0 0 0 0 0 0 0 0 0 0 0 0 0 0 0 0 0 0 0 0 0 0 0 3.44 3.60 31 
571 25.08.2011 19:00:53 25.08.2011 15:00:53 967158 -5136024 3643879 35.0657636 -79.3355899 66.23 3.2 3D Yes 0 0 0 0 0 0 0 0 0 0 0 0 0 0 0 0 0 0 0 0 0 0 0 0 0 3.44 3.60 34 
572 25.08.2011 21:31:48 25.08.2011 17:31:48 967384 -5135926 3643973 35.0667393 -79.3329562 75.64 2.4 3D Yes 0 0 0 0 0 0 0 0 0 0 0 0 0 0 0 0 0 0 0 0 0 0 0 0 0 3.44 3.60 33 
573 26.08.2011 00:00:55 25.08.2011 20:00:55 966942 -5136014 3643973 35.0667150 -79.3378967 79.48 3.8 3D Yes 0 0 0 0 0 0 0 0 0 0 0 0 0 0 0 0 0 0 0 0 0 0 0 0 0 3.44 3.60 29 
574 26.08.2011 02:30:59 25.08.2011 22:30:59 966885 -5135988 3644062 35.0675585 -79.3384581 101.07 5.4 3D Yes 0 0 0 0 0 0 0 0 0 0 0 0 0 0 0 0 0 0 0 0 0 0 0 0 0 3.44 3.60 29 
575 26.08.2011 04:01:14 26.08.2011 00:01:14 966827 -5135971 3644032 35.0674793 -79.3390485 61.37 8.4 3D No 0 0 0 0 0 0 0 0 0 0 0 0 0 0 0 0 0 0 0 0 0 0 0 0 0 3.44 3.60 27 
