1 25.01.2011 20:05:19 25.01.2011 16:05:19 1017366 -5078867 3709318 35.7894854 -78.6727931 83.08 2.6 3D Yes 0 0 0 0 0 0 0 0 0 0 0 0 0 0 0 0 0 0 0 0 0 0 0 0 0 3.36 3.60 20 
2 25.01.2011 22:31:10 25.01.2011 18:31:10 1017426 -5078891 3709308 35.7892262 -78.6721945 105.88 6.2 3D Yes 0 0 0 0 0 0 0 0 0 0 0 0 0 0 0 0 0 0 0 0 0 0 0 0 0 3.36 3.60 18 
3 26.01.2011 00:02:09 25.01.2011 20:02:09 1017374 -5078888 3709321 35.7893906 -78.6727520 102.81 5.2 3D Yes 0 0 0 0 0 0 0 0 0 0 0 0 0 0 0 0 0 0 0 0 0 0 0 0 0 3.36 3.60 18 
4 26.01.2011 02:25:43 25.01.2011 22:25:43 1017371 -5078876 3709309 35.7893680 -78.6727584 85.77 3.0 3D Yes 0 0 0 0 0 0 0 0 0 0 0 0 0 0 0 0 0 0 0 0 0 0 0 0 0 3.36 3.60 15 
5 26.01.2011 02:25:51 25.01.2011 22:25:51 1017378 -5078878 3709305 35.7893211 -78.6726869 86.14 3.0 3D Yes 0 0 0 0 0 0 0 0 0 0 0 0 0 0 0 0 0 0 0 0 0 0 0 0 0 3.36 3.60 15 
6 26.01.2011 02:32:19 25.01.2011 22:32:19 1017371 -5078878 3709325 35.7894746 -78.6727628 96.72 2.6 3D Yes 0 0 0 0 0 0 0 0 0 0 0 0 0 0 0 0 0 0 0 0 0 0 0 0 0 3.36 3.60 15 
7 26.01.2011 02:32:28 25.01.2011 22:32:28 1017376 -5078880 3709309 35.7893421 -78.6727129 89.75 2.6 3D Yes 0 0 0 0 0 0 0 0 0 0 0 0 0 0 0 0 0 0 0 0 0 0 0 0 0 3.36 3.60 15 
8 26.01.2011 02:32:37 25.01.2011 22:32:37 1017371 -5078872 3709313 35.7894179 -78.6727498 84.93 2.6 3D Yes 0 0 0 0 0 0 0 0 0 0 0 0 0 0 0 0 0 0 0 0 0 0 0 0 0 3.36 3.60 15 
9 26.01.2011 02:32:46 25.01.2011 22:32:46 1017364 -5078867 3709309 35.7894217 -78.6728148 77.50 2.6 3D Yes 0 0 0 0 0 0 0 0 0 0 0 0 0 0 0 0 0 0 0 0 0 0 0 0 0 3.36 3.60 15 
10 26.01.2011 02:32:56 25.01.2011 22:32:56 1017368 -5078881 3709319 35.7894183 -78.6728019 95.12 2.6 3D Yes 0 0 0 0 0 0 0 0 0 0 0 0 0 0 0 0 0 0 0 0 0 0 0 0 0 3.36 3.60 15 
11 26.01.2011 02:37:55 25.01.2011 22:37:55 1017371 -5078870 3709272 35.7891285 -78.6727454 59.36 5.4 3D Yes 0 0 0 0 0 0 0 0 0 0 0 0 0 0 0 0 0 0 0 0 0 0 0 0 0 3.36 3.60 15 
12 26.01.2011 02:38:06 25.01.2011 22:38:06 1017377 -5078882 3709308 35.7893234 -78.6727064 90.92 5.4 3D Yes 0 0 0 0 0 0 0 0 0 0 0 0 0 0 0 0 0 0 0 0 0 0 0 0 0 3.36 3.60 15 
13 26.01.2011 02:38:15 25.01.2011 22:38:15 1017379 -5078873 3709298 35.7892948 -78.6726652 78.23 2.4 3D Yes 0 0 0 0 0 0 0 0 0 0 0 0 0 0 0 0 0 0 0 0 0 0 0 0 0 3.36 3.60 15 
14 26.01.2011 02:38:23 25.01.2011 22:38:23 1017369 -5078865 3709305 35.7893976 -78.6727562 74.37 2.4 3D Yes 0 0 0 0 0 0 0 0 0 0 0 0 0 0 0 0 0 0 0 0 0 0 0 0 0 3.36 3.60 15 
15 26.01.2011 02:38:32 25.01.2011 22:38:32 1017375 -5078885 3709318 35.7893831 -78.6727346 98.83 2.4 3D Yes 0 0 0 0 0 0 0 0 0 0 0 0 0 0 0 0 0 0 0 0 0 0 0 0 0 3.36 3.60 15 
16 26.01.2011 02:44:20 25.01.2011 22:44:20 1017369 -5078878 3709317 35.7894182 -78.6727845 91.72 5.8 3D Yes 0 0 0 0 0 0 0 0 0 0 0 0 0 0 0 0 0 0 0 0 0 0 0 0 0 3.36 3.60 15 
17 26.01.2011 02:44:35 25.01.2011 22:44:35 1017372 -5078882 3709316 35.7893871 -78.6727606 94.80 24.8 3D No 0 0 0 0 0 0 0 0 0 0 0 0 0 0 0 0 0 0 0 0 0 0 0 0 0 3.36 3.60 15 
18 26.01.2011 05:01:29 26.01.2011 01:01:29 1017388 -5078889 3709305 35.7892539 -78.6726023 96.48 7.4 3D Yes 0 0 0 0 0 0 0 0 0 0 0 0 0 0 0 0 0 0 0 0 0 0 0 0 0 3.36 3.60 13 
19 26.01.2011 07:30:54 26.01.2011 03:30:54 1017366 -5078876 3709321 35.7894609 -78.6728127 91.99 7.4 3D Yes 0 0 0 0 0 0 0 0 0 0 0 0 0 0 0 0 0 0 0 0 0 0 0 0 0 3.36 3.52 12 
20 26.01.2011 10:03:07 26.01.2011 06:03:07 1017352 -5078879 3709316 35.7894233 -78.6729710 89.23 2.0 2D No 0 0 0 0 0 0 0 0 0 0 0 0 0 0 0 0 0 0 0 0 0 0 0 0 0 3.36 3.52 11 
21 26.01.2011 12:32:41 26.01.2011 08:32:41 1017313 -5078889 3709315 35.7894047 -78.6734158 90.38 3.2 2D No 0 0 0 0 0 0 0 0 0 0 0 0 0 0 0 0 0 0 0 0 0 0 0 0 0 3.36 3.52 12 
22 26.01.2011 15:01:23 26.01.2011 11:01:23 1017363 -5078870 3709315 35.7894511 -78.6728322 83.24 5.8 3D Yes 0 0 0 0 0 0 0 0 0 0 0 0 0 0 0 0 0 0 0 0 0 0 0 0 0 3.36 3.52 15 
23 26.01.2011 17:31:48 26.01.2011 13:31:48 1017383 -5078879 3709313 35.7893693 -78.6726348 92.41 3.4 3D Yes 0 0 0 0 0 0 0 0 0 0 0 0 0 0 0 0 0 0 0 0 0 0 0 0 0 3.36 3.60 17 
24 26.01.2011 20:02:10 26.01.2011 16:02:10 1017383 -5078873 3709319 35.7894441 -78.6726218 91.15 3.0 2D No 0 0 0 0 0 0 0 0 0 0 0 0 0 0 0 0 0 0 0 0 0 0 0 0 0 3.36 3.52 16 
25 30.06.2011 07:33:57 30.06.2011 03:33:57 968311 -5130459 3652106 35.1536659 -79.3118539 499.02 4.6 2D No 0 0 0 0 0 0 0 0 0 0 0 0 0 0 0 0 0 0 0 0 0 0 0 0 0 3.36 3.60 24 
26 30.06.2011 10:02:56 30.06.2011 06:02:56 968379 -5130075 3652624 35.1593757 -79.3103390 499.10 7.4 2D No 0 0 0 0 0 0 0 0 0 0 0 0 0 0 0 0 0 0 0 0 0 0 0 0 0 3.36 3.60 20 
27 30.06.2011 12:31:23 30.06.2011 08:31:23 968081 -5129952 3652174 35.1569739 -79.3133024 95.97 2.8 3D Yes 0 0 0 0 0 0 0 0 0 0 0 0 0 0 0 0 0 0 0 0 0 0 0 0 0 3.36 3.60 22 
28 30.06.2011 15:01:37 30.06.2011 11:01:37 968137 -5129906 3652228 35.1575525 -79.3126048 98.60 6.6 3D No 0 0 0 0 0 0 0 0 0 0 0 0 0 0 0 0 0 0 0 0 0 0 0 0 0 3.44 3.60 29 
29 30.06.2011 17:31:23 30.06.2011 13:31:23 968172 -5129917 3652164 35.1569911 -79.3122497 75.89 2.8 3D Yes 0 0 0 0 0 0 0 0 0 0 0 0 0 0 0 0 0 0 0 0 0 0 0 0 0 3.44 3.60 35 
30 30.06.2011 20:01:23 30.06.2011 16:01:23 968182 -5129949 3652107 35.1563982 -79.3122070 70.30 7.0 3D Yes 0 0 0 0 0 0 0 0 0 0 0 0 0 0 0 0 0 0 0 0 0 0 0 0 0 3.44 3.60 35 
31 30.06.2011 22:30:42 30.06.2011 18:30:42 968289 -5130071 3652079 35.1554667 -79.3113014 168.41 2.6 3D Yes 0 0 0 0 0 0 0 0 0 0 0 0 0 0 0 0 0 0 0 0 0 0 0 0 0 3.44 3.60 34 
32 01.07.2011 00:00:24 30.06.2011 20:00:24 968074 -5130017 3652031 35.1555953 -79.3135102 64.79 4.4 3D Yes 0 0 0 0 0 0 0 0 0 0 0 0 0 0 0 0 0 0 0 0 0 0 0 0 0 3.44 3.60 29 
33 01.07.2011 02:31:29 30.06.2011 22:31:29 967610 -5130418 3651620 35.1509679 -79.3193300 80.00 3.2 3D No 0 0 0 0 0 0 0 0 0 0 0 0 0 0 0 0 0 0 0 0 0 0 0 0 0 3.44 3.60 25 
34 01.07.2011 05:00:44 01.07.2011 01:00:44 967591 -5130459 3651667 35.1511234 -79.3196183 137.13 2.2 3D Yes 0 0 0 0 0 0 0 0 0 0 0 0 0 0 0 0 0 0 0 0 0 0 0 0 0 3.44 3.60 24 
35 01.07.2011 07:31:42 01.07.2011 03:31:42 967687 -5130441 3651672 35.1511597 -79.3185464 140.09 4.2 2D No 0 0 0 0 0 0 0 0 0 0 0 0 0 0 0 0 0 0 0 0 0 0 0 0 0 3.36 3.60 22 
36 01.07.2011 10:01:24 01.07.2011 06:01:24 967631 -5130457 3651641 35.1509035 -79.3191829 126.61 5.2 3D Yes 0 0 0 0 0 0 0 0 0 0 0 0 0 0 0 0 0 0 0 0 0 0 0 0 0 3.36 3.60 20 
37 01.07.2011 12:30:25 01.07.2011 08:30:25 968160 -5130359 3651557 35.1502753 -79.3132787 79.70 2.8 3D Yes 0 0 0 0 0 0 0 0 0 0 0 0 0 0 0 0 0 0 0 0 0 0 0 0 0 3.44 3.60 24 
38 01.07.2011 15:00:53 01.07.2011 11:00:53 968112 -5130223 3651796 35.1527764 -79.3135196 100.75 2.4 3D Yes 0 0 0 0 0 0 0 0 0 0 0 0 0 0 0 0 0 0 0 0 0 0 0 0 0 3.44 3.60 31 
39 01.07.2011 17:30:54 01.07.2011 13:30:54 967943 -5130162 3651909 35.1540828 -79.3152180 91.18 2.8 3D Yes 0 0 0 0 0 0 0 0 0 0 0 0 0 0 0 0 0 0 0 0 0 0 0 0 0 3.44 3.60 34 
40 01.07.2011 20:00:54 01.07.2011 16:00:54 967946 -5130124 3651883 35.1540821 -79.3151084 46.14 4.8 3D Yes 0 0 0 0 0 0 0 0 0 0 0 0 0 0 0 0 0 0 0 0 0 0 0 0 0 3.44 3.60 35 
41 01.07.2011 22:31:16 01.07.2011 18:31:16 967948 -5130140 3651875 35.1539397 -79.3151193 54.69 5.6 3D Yes 0 0 0 0 0 0 0 0 0 0 0 0 0 0 0 0 0 0 0 0 0 0 0 0 0 3.44 3.60 32 
42 02.07.2011 00:00:27 01.07.2011 20:00:27 967813 -5130116 3651787 35.1535434 -79.3165264 -35.72 9.0 3D Yes 0 0 0 0 0 0 0 0 0 0 0 0 0 0 0 0 0 0 0 0 0 0 0 0 0 3.44 3.60 31 
43 02.07.2011 02:31:47 01.07.2011 22:31:47 967490 -5130242 3651921 35.1541991 -79.3202662 93.71 3.0 3D Yes 0 0 0 0 0 0 0 0 0 0 0 0 0 0 0 0 0 0 0 0 0 0 0 0 0 3.44 3.60 26 
44 02.07.2011 05:01:01 02.07.2011 01:01:01 967388 -5130239 3651954 35.1545556 -79.3213601 94.85 3.4 3D Yes 0 0 0 0 0 0 0 0 0 0 0 0 0 0 0 0 0 0 0 0 0 0 0 0 0 3.44 3.60 25 
45 02.07.2011 07:30:54 02.07.2011 03:30:54 967114 -5130309 3651931 35.1542926 -79.3244575 96.34 2.4 3D Yes 0 0 0 0 0 0 0 0 0 0 0 0 0 0 0 0 0 0 0 0 0 0 0 0 0 3.44 3.60 22 
46 02.07.2011 10:00:49 02.07.2011 06:00:49 967114 -5130304 3651925 35.1542739 -79.3244473 88.87 2.0 3D Yes 0 0 0 0 0 0 0 0 0 0 0 0 0 0 0 0 0 0 0 0 0 0 0 0 0 3.44 3.60 24 
47 02.07.2011 12:30:28 02.07.2011 08:30:28 967145 -5130300 3651945 35.1544119 -79.3241049 101.87 6.2 3D Yes 0 0 0 0 0 0 0 0 0 0 0 0 0 0 0 0 0 0 0 0 0 0 0 0 0 3.44 3.60 29 
48 02.07.2011 15:01:14 02.07.2011 11:01:14 967138 -5130306 3651942 35.1543659 -79.3241926 103.90 2.6 3D Yes 0 0 0 0 0 0 0 0 0 0 0 0 0 0 0 0 0 0 0 0 0 0 0 0 0 3.44 3.60 33 
49 02.07.2011 15:27:32 02.07.2011 11:27:32 967136 -5130300 3651951 35.1544648 -79.3242019 103.96 3.4 3D No 0 0 0 0 0 0 0 0 0 0 0 0 0 0 0 0 0 0 0 0 0 0 0 0 0 3.44 3.60 35 
50 02.07.2011 15:28:12 02.07.2011 11:28:12 967146 -5130305 3651961 35.1545033 -79.3241043 115.25 1.8 3D Yes 0 0 0 0 0 0 0 0 0 0 0 0 0 0 0 0 0 0 0 0 0 0 0 0 0 3.44 3.60 35 
51 02.07.2011 15:33:12 02.07.2011 11:33:12 967152 -5130303 3651937 35.1543309 -79.3240355 100.73 1.8 3D Yes 0 0 0 0 0 0 0 0 0 0 0 0 0 0 0 0 0 0 0 0 0 0 0 0 0 3.44 3.60 35 
52 02.07.2011 15:33:21 02.07.2011 11:33:21 967149 -5130308 3651947 35.1543820 -79.3240780 110.05 1.8 3D Yes 0 0 0 0 0 0 0 0 0 0 0 0 0 0 0 0 0 0 0 0 0 0 0 0 0 3.44 3.60 35 
53 02.07.2011 15:33:30 02.07.2011 11:33:30 967145 -5130308 3651944 35.1543637 -79.3241211 107.72 1.8 3D Yes 0 0 0 0 0 0 0 0 0 0 0 0 0 0 0 0 0 0 0 0 0 0 0 0 0 3.44 3.60 35 
54 02.07.2011 15:33:39 02.07.2011 11:33:39 967142 -5130307 3651949 35.1544085 -79.3241515 109.34 1.8 3D Yes 0 0 0 0 0 0 0 0 0 0 0 0 0 0 0 0 0 0 0 0 0 0 0 0 0 3.44 3.60 35 
55 02.07.2011 15:33:49 02.07.2011 11:33:49 967148 -5130301 3651949 35.1544334 -79.3240746 105.43 1.8 3D Yes 0 0 0 0 0 0 0 0 0 0 0 0 0 0 0 0 0 0 0 0 0 0 0 0 0 3.44 3.60 35 
56 02.07.2011 15:38:38 02.07.2011 11:38:38 967140 -5130297 3651950 35.1544688 -79.3241527 101.58 2.0 3D Yes 0 0 0 0 0 0 0 0 0 0 0 0 0 0 0 0 0 0 0 0 0 0 0 0 0 3.44 3.60 35 
57 02.07.2011 15:38:47 02.07.2011 11:38:47 967141 -5130299 3651954 35.1544872 -79.3241460 105.64 2.0 3D Yes 0 0 0 0 0 0 0 0 0 0 0 0 0 0 0 0 0 0 0 0 0 0 0 0 0 3.44 3.60 36 
58 02.07.2011 15:38:57 02.07.2011 11:38:57 967150 -5130302 3651960 35.1545074 -79.3240550 112.87 2.0 3D Yes 0 0 0 0 0 0 0 0 0 0 0 0 0 0 0 0 0 0 0 0 0 0 0 0 0 3.44 3.60 36 
59 02.07.2011 15:39:05 02.07.2011 11:39:05 967133 -5130298 3651958 35.1545294 -79.3242302 105.93 2.0 3D Yes 0 0 0 0 0 0 0 0 0 0 0 0 0 0 0 0 0 0 0 0 0 0 0 0 0 3.44 3.60 36 
60 02.07.2011 15:39:15 02.07.2011 11:39:15 967127 -5130307 3651965 35.1545409 -79.3243132 116.28 2.0 3D Yes 0 0 0 0 0 0 0 0 0 0 0 0 0 0 0 0 0 0 0 0 0 0 0 0 0 3.44 3.60 36 
61 02.07.2011 15:44:11 02.07.2011 11:44:11 967136 -5130306 3651958 35.1544857 -79.3242141 112.81 2.0 3D Yes 0 0 0 0 0 0 0 0 0 0 0 0 0 0 0 0 0 0 0 0 0 0 0 0 0 3.44 3.60 36 
62 02.07.2011 15:44:19 02.07.2011 11:44:19 967138 -5130304 3651950 35.1544351 -79.3241885 106.90 2.0 3D Yes 0 0 0 0 0 0 0 0 0 0 0 0 0 0 0 0 0 0 0 0 0 0 0 0 0 3.44 3.60 36 
63 02.07.2011 17:30:23 02.07.2011 13:30:23 967149 -5130279 3651965 35.1546625 -79.3240190 97.12 2.2 3D Yes 0 0 0 0 0 0 0 0 0 0 0 0 0 0 0 0 0 0 0 0 0 0 0 0 0 3.44 3.60 37 
64 02.07.2011 20:00:53 02.07.2011 16:00:53 967134 -5130294 3651960 35.1545636 -79.3242113 104.02 3.0 3D Yes 0 0 0 0 0 0 0 0 0 0 0 0 0 0 0 0 0 0 0 0 0 0 0 0 0 3.44 3.60 37 
65 02.07.2011 22:30:49 02.07.2011 18:30:49 967185 -5130420 3651734 35.1522065 -79.3239175 82.86 6.0 3D Yes 0 0 0 0 0 0 0 0 0 0 0 0 0 0 0 0 0 0 0 0 0 0 0 0 0 3.44 3.60 34 
66 03.07.2011 00:00:46 02.07.2011 20:00:46 967252 -5130413 3651724 35.1521041 -79.3231807 81.62 4.0 3D Yes 0 0 0 0 0 0 0 0 0 0 0 0 0 0 0 0 0 0 0 0 0 0 0 0 0 3.44 3.60 30 
67 03.07.2011 02:30:53 02.07.2011 22:30:53 967029 -5130429 3651782 35.1526643 -79.3256182 94.10 3.0 3D Yes 0 0 0 0 0 0 0 0 0 0 0 0 0 0 0 0 0 0 0 0 0 0 0 0 0 3.44 3.60 26 
68 03.07.2011 05:00:48 03.07.2011 01:00:48 966980 -5130409 3651822 35.1531082 -79.3261060 93.64 2.2 3D Yes 0 0 0 0 0 0 0 0 0 0 0 0 0 0 0 0 0 0 0 0 0 0 0 0 0 3.44 3.60 26 
69 03.07.2011 07:30:43 03.07.2011 03:30:43 967355 -5130405 3651699 35.1518616 -79.3220536 76.40 3.2 3D Yes 0 0 0 0 0 0 0 0 0 0 0 0 0 0 0 0 0 0 0 0 0 0 0 0 0 3.44 3.60 25 
70 03.07.2011 10:00:53 03.07.2011 06:00:53 967641 -5130411 3651620 35.1509737 -79.3189815 79.08 3.8 3D Yes 0 0 0 0 0 0 0 0 0 0 0 0 0 0 0 0 0 0 0 0 0 0 0 0 0 3.44 3.60 24 
71 03.07.2011 12:32:17 03.07.2011 08:32:17 967658 -5130430 3651608 35.1507721 -79.3188368 90.01 2.6 3D Yes 0 0 0 0 0 0 0 0 0 0 0 0 0 0 0 0 0 0 0 0 0 0 0 0 0 3.44 3.60 28 
72 03.07.2011 15:01:50 03.07.2011 11:01:50 967637 -5130439 3651603 35.1507095 -79.3190816 91.18 3.4 3D Yes 0 0 0 0 0 0 0 0 0 0 0 0 0 0 0 0 0 0 0 0 0 0 0 0 0 3.44 3.60 30 
73 03.07.2011 17:30:53 03.07.2011 13:30:53 967627 -5130431 3651616 35.1508557 -79.3191731 90.72 3.2 3D Yes 0 0 0 0 0 0 0 0 0 0 0 0 0 0 0 0 0 0 0 0 0 0 0 0 0 3.44 3.60 33 
74 03.07.2011 20:00:50 03.07.2011 16:00:50 967613 -5130491 3651513 35.1498041 -79.3194461 77.51 2.6 3D Yes 0 0 0 0 0 0 0 0 0 0 0 0 0 0 0 0 0 0 0 0 0 0 0 0 0 3.44 3.60 37 
75 03.07.2011 22:30:48 03.07.2011 18:30:48 967605 -5130579 3651383 35.1484050 -79.3197114 72.16 4.6 3D Yes 0 0 0 0 0 0 0 0 0 0 0 0 0 0 0 0 0 0 0 0 0 0 0 0 0 3.44 3.60 36 
76 04.07.2011 00:00:41 03.07.2011 20:00:41 967618 -5130564 3651401 35.1486017 -79.3195407 72.44 3.2 3D Yes 0 0 0 0 0 0 0 0 0 0 0 0 0 0 0 0 0 0 0 0 0 0 0 0 0 3.44 3.60 32 
77 04.07.2011 02:30:53 03.07.2011 22:30:53 967717 -5130666 3651267 35.1469987 -79.3186806 92.26 3.0 3D Yes 0 0 0 0 0 0 0 0 0 0 0 0 0 0 0 0 0 0 0 0 0 0 0 0 0 3.44 3.60 28 
78 04.07.2011 05:00:54 04.07.2011 01:00:54 967634 -5130659 3651279 35.1472027 -79.3195614 80.97 4.2 3D Yes 0 0 0 0 0 0 0 0 0 0 0 0 0 0 0 0 0 0 0 0 0 0 0 0 0 3.44 3.60 28 
79 04.07.2011 07:30:56 04.07.2011 03:30:56 967724 -5130652 3651244 35.1468939 -79.3185766 68.83 2.6 3D Yes 0 0 0 0 0 0 0 0 0 0 0 0 0 0 0 0 0 0 0 0 0 0 0 0 0 3.44 3.60 27 
80 04.07.2011 10:00:53 04.07.2011 06:00:53 967540 -5130515 3651478 35.1494940 -79.3202822 65.58 3.8 3D Yes 0 0 0 0 0 0 0 0 0 0 0 0 0 0 0 0 0 0 0 0 0 0 0 0 0 3.44 3.60 26 
81 04.07.2011 12:30:52 04.07.2011 08:30:52 967681 -5130577 3651374 35.1482758 -79.3188878 76.89 2.0 3D Yes 0 0 0 0 0 0 0 0 0 0 0 0 0 0 0 0 0 0 0 0 0 0 0 0 0 3.44 3.60 27 
82 04.07.2011 15:01:23 04.07.2011 11:01:23 967664 -5130577 3651397 35.1484616 -79.3190711 87.56 2.2 3D Yes 0 0 0 0 0 0 0 0 0 0 0 0 0 0 0 0 0 0 0 0 0 0 0 0 0 3.44 3.60 30 
83 04.07.2011 17:30:51 04.07.2011 13:30:51 967668 -5130554 3651408 35.1486561 -79.3189812 76.01 3.4 3D Yes 0 0 0 0 0 0 0 0 0 0 0 0 0 0 0 0 0 0 0 0 0 0 0 0 0 3.44 3.60 33 
84 04.07.2011 20:01:24 04.07.2011 16:01:24 967672 -5130584 3651400 35.1484404 -79.3189990 96.12 3.2 3D Yes 0 0 0 0 0 0 0 0 0 0 0 0 0 0 0 0 0 0 0 0 0 0 0 0 0 3.44 3.60 35 
85 04.07.2011 22:30:41 04.07.2011 18:30:41 967817 -5130506 3651448 35.1490524 -79.3172767 83.06 4.0 3D Yes 0 0 0 0 0 0 0 0 0 0 0 0 0 0 0 0 0 0 0 0 0 0 0 0 0 3.44 3.60 35 
86 05.07.2011 00:00:54 04.07.2011 20:00:54 967842 -5130536 3651421 35.1486764 -79.3170682 95.41 3.2 3D Yes 0 0 0 0 0 0 0 0 0 0 0 0 0 0 0 0 0 0 0 0 0 0 0 0 0 3.44 3.60 32 
87 05.07.2011 02:31:17 04.07.2011 22:31:17 967448 -5130460 3651636 35.1510274 -79.3211625 98.41 5.2 3D Yes 0 0 0 0 0 0 0 0 0 0 0 0 0 0 0 0 0 0 0 0 0 0 0 0 0 3.44 3.60 23 
88 05.07.2011 05:00:48 05.07.2011 01:00:48 967607 -5130376 3651707 35.1518261 -79.3192770 95.89 2.8 3D Yes 0 0 0 0 0 0 0 0 0 0 0 0 0 0 0 0 0 0 0 0 0 0 0 0 0 3.44 3.60 25 
89 05.07.2011 07:31:23 05.07.2011 03:31:23 967731 -5130228 3651867 35.1536407 -79.3176386 87.89 4.0 3D Yes 0 0 0 0 0 0 0 0 0 0 0 0 0 0 0 0 0 0 0 0 0 0 0 0 0 3.44 3.60 22 
90 05.07.2011 10:00:53 05.07.2011 06:00:53 967845 -5130224 3651834 35.1533082 -79.3164011 82.96 2.8 3D Yes 0 0 0 0 0 0 0 0 0 0 0 0 0 0 0 0 0 0 0 0 0 0 0 0 0 3.44 3.60 23 
91 05.07.2011 12:31:16 05.07.2011 08:31:16 967687 -5130231 3651867 35.1536677 -79.3181193 83.64 2.2 3D Yes 0 0 0 0 0 0 0 0 0 0 0 0 0 0 0 0 0 0 0 0 0 0 0 0 0 3.44 3.60 24 
92 05.07.2011 15:01:45 05.07.2011 11:01:45 967634 -5130239 3651893 35.1538695 -79.3187071 97.00 3.2 3D Yes 0 0 0 0 0 0 0 0 0 0 0 0 0 0 0 0 0 0 0 0 0 0 0 0 0 3.44 3.60 30 
93 05.07.2011 17:30:43 05.07.2011 13:30:43 967598 -5130174 3651894 35.1542430 -79.3189631 39.90 8.8 3D Yes 0 0 0 0 0 0 0 0 0 0 0 0 0 0 0 0 0 0 0 0 0 0 0 0 0 3.44 3.60 35 
94 05.07.2011 20:00:41 05.07.2011 16:00:41 967750 -5130072 3651993 35.1553466 -79.3171164 37.99 5.4 3D Yes 0 0 0 0 0 0 0 0 0 0 0 0 0 0 0 0 0 0 0 0 0 0 0 0 0 3.44 3.60 36 
95 05.07.2011 22:30:53 05.07.2011 18:30:53 967767 -5130100 3652002 35.1552537 -79.3169900 68.24 3.2 3D Yes 0 0 0 0 0 0 0 0 0 0 0 0 0 0 0 0 0 0 0 0 0 0 0 0 0 3.44 3.60 35 
96 06.07.2011 00:00:39 05.07.2011 20:00:39 967773 -5130200 3651935 35.1542442 -79.3171287 110.92 3.2 3D Yes 0 0 0 0 0 0 0 0 0 0 0 0 0 0 0 0 0 0 0 0 0 0 0 0 0 3.44 3.60 31 
97 06.07.2011 02:30:55 05.07.2011 22:30:55 966935 -5130612 3651514 35.1498463 -79.3270039 72.60 2.4 3D Yes 0 0 0 0 0 0 0 0 0 0 0 0 0 0 0 0 0 0 0 0 0 0 0 0 0 3.44 3.60 28 
98 06.07.2011 05:00:50 06.07.2011 01:00:50 967232 -5130985 3650918 35.1432663 -79.3245592 74.20 2.4 3D Yes 0 0 0 0 0 0 0 0 0 0 0 0 0 0 0 0 0 0 0 0 0 0 0 0 0 3.44 3.60 28 
99 06.07.2011 07:30:54 06.07.2011 03:30:54 967440 -5130716 3651237 35.1467891 -79.3217693 73.19 4.0 3D Yes 0 0 0 0 0 0 0 0 0 0 0 0 0 0 0 0 0 0 0 0 0 0 0 0 0 3.44 3.60 24 
100 06.07.2011 10:00:47 06.07.2011 06:00:47 967523 -5130457 3651593 35.1506537 -79.3203476 82.61 2.8 3D Yes 0 0 0 0 0 0 0 0 0 0 0 0 0 0 0 0 0 0 0 0 0 0 0 0 0 3.44 3.60 25 
101 06.07.2011 12:31:17 06.07.2011 08:31:17 967524 -5130512 3651518 35.1498195 -79.3204486 83.77 6.2 3D Yes 0 0 0 0 0 0 0 0 0 0 0 0 0 0 0 0 0 0 0 0 0 0 0 0 0 3.44 3.60 26 
102 06.07.2011 15:01:38 06.07.2011 11:01:38 967620 -5130400 3651639 35.1511900 -79.3191856 77.99 2.8 3D Yes 0 0 0 0 0 0 0 0 0 0 0 0 0 0 0 0 0 0 0 0 0 0 0 0 0 3.44 3.60 29 
103 06.07.2011 17:31:09 06.07.2011 13:31:09 967703 -5130391 3651621 35.1510235 -79.3182722 72.98 2.8 3D Yes 0 0 0 0 0 0 0 0 0 0 0 0 0 0 0 0 0 0 0 0 0 0 0 0 0 3.44 3.60 33 
104 06.07.2011 20:00:47 06.07.2011 16:00:47 967609 -5130103 3652042 35.1556852 -79.3187001 69.74 4.4 3D Yes 0 0 0 0 0 0 0 0 0 0 0 0 0 0 0 0 0 0 0 0 0 0 0 0 0 3.44 3.60 35 
105 06.07.2011 22:32:48 06.07.2011 18:32:48 967799 -5130019 3652072 35.1561519 -79.3164801 48.32 6.6 3D Yes 0 0 0 0 0 0 0 0 0 0 0 0 0 0 0 0 0 0 0 0 0 0 0 0 0 3.36 3.60 25 
106 07.07.2011 00:00:39 06.07.2011 20:00:39 967830 -5130035 3652089 35.1561657 -79.3161783 75.66 3.4 3D Yes 0 0 0 0 0 0 0 0 0 0 0 0 0 0 0 0 0 0 0 0 0 0 0 0 0 3.44 3.60 25 
107 07.07.2011 02:31:24 06.07.2011 22:31:24 967589 -5130160 3651974 35.1549126 -79.3190317 73.35 2.8 3D Yes 0 0 0 0 0 0 0 0 0 0 0 0 0 0 0 0 0 0 0 0 0 0 0 0 0 3.44 3.60 24 
108 07.07.2011 05:00:36 07.07.2011 01:00:36 967772 -5130274 3651796 35.1528434 -79.3172900 90.19 2.6 3D Yes 0 0 0 0 0 0 0 0 0 0 0 0 0 0 0 0 0 0 0 0 0 0 0 0 0 3.44 3.60 23 
109 07.07.2011 07:31:12 07.07.2011 03:31:12 967597 -5130377 3651703 35.1518011 -79.3193868 92.88 3.8 3D Yes 0 0 0 0 0 0 0 0 0 0 0 0 0 0 0 0 0 0 0 0 0 0 0 0 0 3.44 3.60 22 
110 07.07.2011 10:00:54 07.07.2011 06:00:54 967531 -5130310 3651788 35.1528327 -79.3199623 77.98 4.0 3D Yes 0 0 0 0 0 0 0 0 0 0 0 0 0 0 0 0 0 0 0 0 0 0 0 0 0 3.44 3.60 23 
111 07.07.2011 12:30:54 07.07.2011 08:30:54 967669 -5129991 3652177 35.1571935 -79.3178251 66.58 6.2 3D Yes 0 0 0 0 0 0 0 0 0 0 0 0 0 0 0 0 0 0 0 0 0 0 0 0 0 3.44 3.60 26 
112 07.07.2011 15:00:53 07.07.2011 11:00:53 967829 -5130008 3652119 35.1565255 -79.3161341 71.09 3.0 3D Yes 0 0 0 0 0 0 0 0 0 0 0 0 0 0 0 0 0 0 0 0 0 0 0 0 0 3.44 3.60 28 
113 07.07.2011 17:31:33 07.07.2011 13:31:33 967801 -5130151 3651924 35.1543861 -79.3167271 69.46 3.0 3D Yes 0 0 0 0 0 0 0 0 0 0 0 0 0 0 0 0 0 0 0 0 0 0 0 0 0 3.44 3.60 32 
114 07.07.2011 20:01:13 07.07.2011 16:01:13 967795 -5130216 3651831 35.1533750 -79.3169240 67.23 2.8 3D Yes 0 0 0 0 0 0 0 0 0 0 0 0 0 0 0 0 0 0 0 0 0 0 0 0 0 3.44 3.60 36 
115 07.07.2011 22:30:41 07.07.2011 18:30:41 967786 -5130230 3651825 35.1532681 -79.3170495 73.65 3.0 3D Yes 0 0 0 0 0 0 0 0 0 0 0 0 0 0 0 0 0 0 0 0 0 0 0 0 0 3.44 3.60 32 
116 08.07.2011 00:00:42 07.07.2011 20:00:42 967729 -5130310 3651791 35.1526644 -79.3178270 109.72 2.8 3D Yes 0 0 0 0 0 0 0 0 0 0 0 0 0 0 0 0 0 0 0 0 0 0 0 0 0 3.44 3.60 28 
117 08.07.2011 02:30:53 07.07.2011 22:30:53 967591 -5130426 3651644 35.1511222 -79.3195512 97.37 2.4 3D Yes 0 0 0 0 0 0 0 0 0 0 0 0 0 0 0 0 0 0 0 0 0 0 0 0 0 3.44 3.60 27 
118 08.07.2011 05:00:42 08.07.2011 01:00:42 967447 -5130476 3651598 35.1506667 -79.3212058 89.24 2.6 3D Yes 0 0 0 0 0 0 0 0 0 0 0 0 0 0 0 0 0 0 0 0 0 0 0 0 0 3.44 3.60 28 
119 08.07.2011 07:30:48 08.07.2011 03:30:48 967517 -5130477 3651521 35.1500268 -79.3204530 56.32 2.2 3D Yes 0 0 0 0 0 0 0 0 0 0 0 0 0 0 0 0 0 0 0 0 0 0 0 0 0 3.44 3.60 25 
120 08.07.2011 10:00:49 08.07.2011 06:00:49 967558 -5130505 3651521 35.1498446 -79.3200677 85.03 3.8 3D Yes 0 0 0 0 0 0 0 0 0 0 0 0 0 0 0 0 0 0 0 0 0 0 0 0 0 3.44 3.60 28 
121 08.07.2011 12:30:36 08.07.2011 08:30:36 967722 -5130429 3651599 35.1506493 -79.3181446 93.72 2.6 3D Yes 0 0 0 0 0 0 0 0 0 0 0 0 0 0 0 0 0 0 0 0 0 0 0 0 0 3.44 3.60 30 
122 08.07.2011 15:01:30 08.07.2011 11:01:30 967506 -5130129 3652071 35.1558654 -79.3198638 91.72 2.8 2D No 0 0 0 0 0 0 0 0 0 0 0 0 0 0 0 0 0 0 0 0 0 0 0 0 0 3.44 3.60 33 
123 08.07.2011 17:30:48 08.07.2011 13:30:48 967314 -5130186 3652032 35.1554719 -79.3220504 85.97 3.0 3D Yes 0 0 0 0 0 0 0 0 0 0 0 0 0 0 0 0 0 0 0 0 0 0 0 0 0 3.44 3.60 36 
124 08.07.2011 20:00:54 08.07.2011 16:00:54 967347 -5130191 3652020 35.1553263 -79.3217047 88.08 3.0 3D Yes 0 0 0 0 0 0 0 0 0 0 0 0 0 0 0 0 0 0 0 0 0 0 0 0 0 3.44 3.60 35 
125 08.07.2011 22:30:54 08.07.2011 18:30:54 967359 -5130216 3651972 35.1548335 -79.3216261 82.34 4.2 3D Yes 0 0 0 0 0 0 0 0 0 0 0 0 0 0 0 0 0 0 0 0 0 0 0 0 0 3.44 3.60 32 
126 09.07.2011 00:00:56 08.07.2011 20:00:56 967543 -5130204 3651943 35.1545040 -79.3196173 83.88 2.8 3D Yes 0 0 0 0 0 0 0 0 0 0 0 0 0 0 0 0 0 0 0 0 0 0 0 0 0 3.44 3.60 29 
127 09.07.2011 02:31:12 08.07.2011 22:31:12 967775 -5130317 3651706 35.1519580 -79.3173452 73.37 2.6 3D Yes 0 0 0 0 0 0 0 0 0 0 0 0 0 0 0 0 0 0 0 0 0 0 0 0 0 3.44 3.60 28 
128 09.07.2011 05:01:02 09.07.2011 01:01:02 967736 -5130420 3651635 35.1509470 -79.3179753 109.34 2.8 3D Yes 0 0 0 0 0 0 0 0 0 0 0 0 0 0 0 0 0 0 0 0 0 0 0 0 0 3.44 3.60 28 
129 09.07.2011 07:30:44 09.07.2011 03:30:44 967434 -5130475 3651558 35.1503895 -79.3213440 63.44 2.2 3D Yes 0 0 0 0 0 0 0 0 0 0 0 0 0 0 0 0 0 0 0 0 0 0 0 0 0 3.44 3.60 26 
130 09.07.2011 10:00:50 09.07.2011 06:00:50 967731 -5130055 3652069 35.1560116 -79.3172867 65.21 2.8 3D Yes 0 0 0 0 0 0 0 0 0 0 0 0 0 0 0 0 0 0 0 0 0 0 0 0 0 3.44 3.60 25 
131 09.07.2011 12:30:54 09.07.2011 08:30:54 967751 -5130080 3652070 35.1558722 -79.3171218 88.90 2.4 3D Yes 0 0 0 0 0 0 0 0 0 0 0 0 0 0 0 0 0 0 0 0 0 0 0 0 0 3.44 3.60 28 
132 09.07.2011 15:00:41 09.07.2011 11:00:41 967612 -5130108 3652064 35.1558189 -79.3186779 86.88 2.4 3D Yes 0 0 0 0 0 0 0 0 0 0 0 0 0 0 0 0 0 0 0 0 0 0 0 0 0 3.44 3.60 33 
133 09.07.2011 17:31:01 09.07.2011 13:31:01 967616 -5130111 3652046 35.1556671 -79.3186409 79.53 3.6 3D Yes 0 0 0 0 0 0 0 0 0 0 0 0 0 0 0 0 0 0 0 0 0 0 0 0 0 3.44 3.60 35 
134 09.07.2011 20:00:51 09.07.2011 16:00:51 967610 -5130122 3652032 35.1555136 -79.3187279 79.40 2.8 3D Yes 0 0 0 0 0 0 0 0 0 0 0 0 0 0 0 0 0 0 0 0 0 0 0 0 0 3.44 3.60 35 
135 09.07.2011 22:30:41 09.07.2011 18:30:41 967574 -5130108 3652059 35.1558186 -79.3190877 78.24 2.8 3D Yes 0 0 0 0 0 0 0 0 0 0 0 0 0 0 0 0 0 0 0 0 0 0 0 0 0 3.44 3.60 34 
136 10.07.2011 00:00:41 09.07.2011 20:00:41 967628 -5130072 3652084 35.1561345 -79.3184321 71.90 3.0 3D Yes 0 0 0 0 0 0 0 0 0 0 0 0 0 0 0 0 0 0 0 0 0 0 0 0 0 3.44 3.60 32 
137 10.07.2011 02:30:54 09.07.2011 22:30:54 967616 -5130442 3651553 35.1503459 -79.3193141 61.62 4.0 3D Yes 0 0 0 0 0 0 0 0 0 0 0 0 0 0 0 0 0 0 0 0 0 0 0 0 0 3.44 3.60 29 
138 10.07.2011 05:00:41 10.07.2011 01:00:41 967629 -5130421 3651603 35.1508090 -79.3191312 75.51 2.6 3D Yes 0 0 0 0 0 0 0 0 0 0 0 0 0 0 0 0 0 0 0 0 0 0 0 0 0 3.44 3.60 27 
139 10.07.2011 07:31:41 10.07.2011 03:31:41 967593 -5130431 3651638 35.1510506 -79.3195398 98.24 3.4 3D Yes 0 0 0 0 0 0 0 0 0 0 0 0 0 0 0 0 0 0 0 0 0 0 0 0 0 3.44 3.60 27 
140 10.07.2011 10:00:53 10.07.2011 06:00:53 967644 -5130386 3651645 35.1512826 -79.3188983 73.84 8.2 3D Yes 0 0 0 0 0 0 0 0 0 0 0 0 0 0 0 0 0 0 0 0 0 0 0 0 0 3.44 3.60 25 
141 10.07.2011 12:30:55 10.07.2011 08:30:55 967720 -5130402 3651643 35.1511131 -79.3181112 97.06 2.4 3D Yes 0 0 0 0 0 0 0 0 0 0 0 0 0 0 0 0 0 0 0 0 0 0 0 0 0 3.44 3.60 28 
142 10.07.2011 15:01:07 10.07.2011 11:01:07 967677 -5130303 3651816 35.1529343 -79.3183736 110.60 7.4 3D Yes 0 0 0 0 0 0 0 0 0 0 0 0 0 0 0 0 0 0 0 0 0 0 0 0 0 3.44 3.60 32 
143 10.07.2011 17:30:41 10.07.2011 13:30:41 967591 -5130249 3651879 35.1537567 -79.3191912 90.46 2.4 3D Yes 0 0 0 0 0 0 0 0 0 0 0 0 0 0 0 0 0 0 0 0 0 0 0 0 0 3.44 3.60 37 
144 10.07.2011 20:00:43 10.07.2011 16:00:43 967366 -5130218 3651984 35.1549050 -79.3215547 91.92 3.6 3D Yes 0 0 0 0 0 0 0 0 0 0 0 0 0 0 0 0 0 0 0 0 0 0 0 0 0 3.44 3.60 37 
145 10.07.2011 22:30:47 10.07.2011 18:30:47 967360 -5130207 3651979 35.1549300 -79.3215970 79.29 4.6 3D Yes 0 0 0 0 0 0 0 0 0 0 0 0 0 0 0 0 0 0 0 0 0 0 0 0 0 3.44 3.60 37 
146 11.07.2011 00:01:14 10.07.2011 20:01:14 967329 -5130217 3652054 35.1554615 -79.3219517 125.82 3.0 3D Yes 0 0 0 0 0 0 0 0 0 0 0 0 0 0 0 0 0 0 0 0 0 0 0 0 0 3.44 3.60 32 
147 11.07.2011 02:32:34 10.07.2011 22:32:34 967229 -5130453 3651698 35.1517306 -79.3235100 95.31 2.8 3D Yes 0 0 0 0 0 0 0 0 0 0 0 0 0 0 0 0 0 0 0 0 0 0 0 0 0 3.44 3.60 28 
148 11.07.2011 05:00:47 11.07.2011 01:00:47 967485 -5130431 3651635 35.1511323 -79.3207045 80.14 2.2 3D Yes 0 0 0 0 0 0 0 0 0 0 0 0 0 0 0 0 0 0 0 0 0 0 0 0 0 3.44 3.60 28 
149 11.07.2011 07:30:52 11.07.2011 03:30:52 967570 -5130449 3651583 35.1505756 -79.3198244 77.55 2.4 3D Yes 0 0 0 0 0 0 0 0 0 0 0 0 0 0 0 0 0 0 0 0 0 0 0 0 0 3.44 3.60 26 
150 11.07.2011 10:00:43 11.07.2011 06:00:43 967588 -5130415 3651572 35.1506506 -79.3195612 46.62 4.8 3D Yes 0 0 0 0 0 0 0 0 0 0 0 0 0 0 0 0 0 0 0 0 0 0 0 0 0 3.44 3.60 25 
151 11.07.2011 12:31:33 11.07.2011 08:31:33 967662 -5130580 3651413 35.1485662 -79.3190987 98.87 2.4 3D Yes 0 0 0 0 0 0 0 0 0 0 0 0 0 0 0 0 0 0 0 0 0 0 0 0 0 3.44 3.60 27 
152 11.07.2011 15:01:12 11.07.2011 11:01:12 967889 -5130410 3651590 35.1505192 -79.3163050 98.59 3.6 3D Yes 0 0 0 0 0 0 0 0 0 0 0 0 0 0 0 0 0 0 0 0 0 0 0 0 0 3.44 3.60 31 
153 11.07.2011 17:30:57 11.07.2011 13:30:57 967953 -5130306 3651714 35.1519018 -79.3154032 96.12 4.0 3D Yes 0 0 0 0 0 0 0 0 0 0 0 0 0 0 0 0 0 0 0 0 0 0 0 0 0 3.44 3.60 35 
154 11.07.2011 20:01:23 11.07.2011 16:01:23 967975 -5130201 3651855 35.1534552 -79.3149523 96.28 4.4 3D Yes 0 0 0 0 0 0 0 0 0 0 0 0 0 0 0 0 0 0 0 0 0 0 0 0 0 3.44 3.60 37 
155 11.07.2011 22:30:44 11.07.2011 18:30:44 967932 -5130175 3651743 35.1528038 -79.3153631 4.38 6.0 3D Yes 0 0 0 0 0 0 0 0 0 0 0 0 0 0 0 0 0 0 0 0 0 0 0 0 0 3.44 3.60 36 
156 12.07.2011 00:01:19 11.07.2011 20:01:19 967780 -5130343 3651717 35.1519017 -79.3173441 101.35 1.8 3D Yes 0 0 0 0 0 0 0 0 0 0 0 0 0 0 0 0 0 0 0 0 0 0 0 0 0 3.44 3.60 31 
157 12.07.2011 02:31:39 11.07.2011 22:31:39 967603 -5130458 3651604 35.1506527 -79.3194869 101.87 3.6 3D Yes 0 0 0 0 0 0 0 0 0 0 0 0 0 0 0 0 0 0 0 0 0 0 0 0 0 3.44 3.60 27 
158 12.07.2011 05:01:03 12.07.2011 01:01:03 967477 -5130486 3651579 35.1504468 -79.3209026 90.88 3.2 3D Yes 0 0 0 0 0 0 0 0 0 0 0 0 0 0 0 0 0 0 0 0 0 0 0 0 0 3.44 3.60 28 
159 12.07.2011 07:31:38 12.07.2011 03:31:38 967630 -5130406 3651617 35.1509877 -79.3190899 71.67 3.8 3D No 0 0 0 0 0 0 0 0 0 0 0 0 0 0 0 0 0 0 0 0 0 0 0 0 0 3.44 3.60 27 
160 12.07.2011 10:01:23 12.07.2011 06:01:23 967750 -5130163 3651914 35.1543003 -79.3173015 65.61 4.2 3D Yes 0 0 0 0 0 0 0 0 0 0 0 0 0 0 0 0 0 0 0 0 0 0 0 0 0 3.44 3.60 27 
161 12.07.2011 12:31:13 12.07.2011 08:31:13 967793 -5130195 3651976 35.1545526 -79.3169029 133.54 4.8 3D Yes 0 0 0 0 0 0 0 0 0 0 0 0 0 0 0 0 0 0 0 0 0 0 0 0 0 3.44 3.60 30 
162 12.07.2011 15:00:44 12.07.2011 11:00:44 967652 -5130112 3652058 35.1557158 -79.3182546 92.70 2.4 3D Yes 0 0 0 0 0 0 0 0 0 0 0 0 0 0 0 0 0 0 0 0 0 0 0 0 0 3.44 3.60 33 
163 12.07.2011 17:30:47 12.07.2011 13:30:47 967609 -5130112 3652062 35.1557867 -79.3187184 88.49 5.0 3D Yes 0 0 0 0 0 0 0 0 0 0 0 0 0 0 0 0 0 0 0 0 0 0 0 0 0 3.44 3.60 38 
164 12.07.2011 20:02:23 12.07.2011 16:02:23 967675 -5130121 3652044 35.1555446 -79.3180249 95.35 4.4 3D No 0 0 0 0 0 0 0 0 0 0 0 0 0 0 0 0 0 0 0 0 0 0 0 0 0 3.44 3.60 37 
165 12.07.2011 22:30:54 12.07.2011 18:30:54 967619 -5130104 3652050 35.1557294 -79.3185943 76.66 2.2 3D Yes 0 0 0 0 0 0 0 0 0 0 0 0 0 0 0 0 0 0 0 0 0 0 0 0 0 3.44 3.60 38 
166 13.07.2011 00:00:54 12.07.2011 20:00:54 967619 -5130120 3652056 35.1556920 -79.3186268 92.97 2.6 3D Yes 0 0 0 0 0 0 0 0 0 0 0 0 0 0 0 0 0 0 0 0 0 0 0 0 0 3.44 3.60 35 
167 13.07.2011 02:30:44 12.07.2011 22:30:44 967218 -5130270 3651950 35.1545315 -79.3232566 91.70 2.6 3D Yes 0 0 0 0 0 0 0 0 0 0 0 0 0 0 0 0 0 0 0 0 0 0 0 0 0 3.44 3.60 30 
168 13.07.2011 05:00:47 13.07.2011 01:00:47 967025 -5130390 3651842 35.1533092 -79.3255820 96.70 2.2 3D Yes 0 0 0 0 0 0 0 0 0 0 0 0 0 0 0 0 0 0 0 0 0 0 0 0 0 3.44 3.60 29 
169 13.07.2011 07:30:41 13.07.2011 03:30:41 967547 -5130200 3651955 35.1546090 -79.3195660 88.18 3.4 3D Yes 0 0 0 0 0 0 0 0 0 0 0 0 0 0 0 0 0 0 0 0 0 0 0 0 0 3.44 3.60 29 
170 13.07.2011 10:00:53 13.07.2011 06:00:53 967503 -5130096 3652072 35.1560439 -79.3198290 65.33 4.0 3D Yes 0 0 0 0 0 0 0 0 0 0 0 0 0 0 0 0 0 0 0 0 0 0 0 0 0 3.44 3.60 28 
171 13.07.2011 12:30:59 13.07.2011 08:30:59 967457 -5130147 3652071 35.1558207 -79.3204289 98.76 7.6 3D Yes 0 0 0 0 0 0 0 0 0 0 0 0 0 0 0 0 0 0 0 0 0 0 0 0 0 3.44 3.60 30 
172 13.07.2011 15:01:18 13.07.2011 11:01:18 967403 -5130160 3652069 35.1557916 -79.3210377 99.87 3.0 3D Yes 0 0 0 0 0 0 0 0 0 0 0 0 0 0 0 0 0 0 0 0 0 0 0 0 0 3.44 3.60 35 
173 13.07.2011 17:30:49 13.07.2011 13:30:49 967405 -5130170 3652048 35.1555839 -79.3210365 96.11 2.0 3D Yes 0 0 0 0 0 0 0 0 0 0 0 0 0 0 0 0 0 0 0 0 0 0 0 0 0 3.44 3.60 39 
174 13.07.2011 20:00:53 13.07.2011 16:00:53 967553 -5130363 3651717 35.1520180 -79.3198329 83.02 4.0 3D Yes 0 0 0 0 0 0 0 0 0 0 0 0 0 0 0 0 0 0 0 0 0 0 0 0 0 3.44 3.60 38 
175 13.07.2011 22:30:43 13.07.2011 18:30:43 967419 -5130225 3651918 35.1543319 -79.3209973 67.57 5.0 3D Yes 0 0 0 0 0 0 0 0 0 0 0 0 0 0 0 0 0 0 0 0 0 0 0 0 0 3.44 3.60 25 
176 14.07.2011 00:00:42 13.07.2011 20:00:42 967571 -5130189 3651938 35.1545167 -79.3192848 73.19 2.8 3D Yes 0 0 0 0 0 0 0 0 0 0 0 0 0 0 0 0 0 0 0 0 0 0 0 0 0 3.44 3.60 25 
177 14.07.2011 02:30:53 13.07.2011 22:30:53 967649 -5130167 3651960 35.1547160 -79.3183989 80.00 4.6 3D Yes 0 0 0 0 0 0 0 0 0 0 0 0 0 0 0 0 0 0 0 0 0 0 0 0 0 3.44 3.60 25 
178 14.07.2011 05:01:13 14.07.2011 01:01:13 967834 -5130153 3651917 35.1542926 -79.3163752 72.04 2.8 3D Yes 0 0 0 0 0 0 0 0 0 0 0 0 0 0 0 0 0 0 0 0 0 0 0 0 0 3.44 3.60 24 
179 14.07.2011 07:30:48 14.07.2011 03:30:48 967806 -5130178 3651921 35.1542215 -79.3167281 90.18 2.4 3D Yes 0 0 0 0 0 0 0 0 0 0 0 0 0 0 0 0 0 0 0 0 0 0 0 0 0 3.44 3.60 25 
180 14.07.2011 10:00:54 14.07.2011 06:00:54 967703 -5129968 3652194 35.1574034 -79.3174117 63.05 2.8 3D Yes 0 0 0 0 0 0 0 0 0 0 0 0 0 0 0 0 0 0 0 0 0 0 0 0 0 3.44 3.60 25 
181 14.07.2011 12:30:56 14.07.2011 08:30:56 967609 -5130015 3652190 35.1572247 -79.3185211 84.26 4.8 3D Yes 0 0 0 0 0 0 0 0 0 0 0 0 0 0 0 0 0 0 0 0 0 0 0 0 0 3.44 3.60 26 
182 14.07.2011 15:00:35 14.07.2011 11:00:35 967538 -5130101 3652118 35.1563238 -79.3194617 101.13 3.0 3D Yes 0 0 0 0 0 0 0 0 0 0 0 0 0 0 0 0 0 0 0 0 0 0 0 0 0 3.44 3.60 30 
183 14.07.2011 17:31:05 14.07.2011 13:31:05 967621 -5130114 3652053 35.1556986 -79.3185930 86.73 4.6 3D Yes 0 0 0 0 0 0 0 0 0 0 0 0 0 0 0 0 0 0 0 0 0 0 0 0 0 3.44 3.60 33 
184 14.07.2011 20:01:18 14.07.2011 16:01:18 967817 -5130064 3652084 35.1559935 -79.3163775 94.11 5.0 3D Yes 0 0 0 0 0 0 0 0 0 0 0 0 0 0 0 0 0 0 0 0 0 0 0 0 0 3.44 3.60 32 
185 14.07.2011 22:30:53 14.07.2011 18:30:53 967786 -5129998 3652087 35.1563820 -79.3165775 38.12 3.4 3D Yes 0 0 0 0 0 0 0 0 0 0 0 0 0 0 0 0 0 0 0 0 0 0 0 0 0 3.44 3.60 32 
186 15.07.2011 00:01:41 14.07.2011 20:01:41 967767 -5130301 3651674 35.1518114 -79.3173989 40.88 2.8 2D No 0 0 0 0 0 0 0 0 0 0 0 0 0 0 0 0 0 0 0 0 0 0 0 0 0 3.44 3.60 29 
187 15.07.2011 02:30:48 14.07.2011 22:30:48 967633 -5130389 3651625 35.1511305 -79.3190230 63.07 4.6 3D Yes 0 0 0 0 0 0 0 0 0 0 0 0 0 0 0 0 0 0 0 0 0 0 0 0 0 3.44 3.60 26 
188 15.07.2011 05:00:50 15.07.2011 01:00:50 967406 -5130394 3651727 35.1520750 -79.3214812 91.41 2.4 3D Yes 0 0 0 0 0 0 0 0 0 0 0 0 0 0 0 0 0 0 0 0 0 0 0 0 0 3.44 3.60 24 
189 15.07.2011 07:30:48 15.07.2011 03:30:48 967185 -5130420 3651736 35.1522212 -79.3239175 84.01 2.2 3D Yes 0 0 0 0 0 0 0 0 0 0 0 0 0 0 0 0 0 0 0 0 0 0 0 0 0 3.44 3.60 22 
190 15.07.2011 10:01:54 15.07.2011 06:01:54 967314 -5130185 3652032 35.1554770 -79.3220484 85.17 6.6 3D Yes 0 0 0 0 0 0 0 0 0 0 0 0 0 0 0 0 0 0 0 0 0 0 0 0 0 3.36 3.60 21 
191 15.07.2011 12:31:12 15.07.2011 08:31:12 967333 -5130186 3652024 35.1553947 -79.3218455 84.24 2.8 3D Yes 0 0 0 0 0 0 0 0 0 0 0 0 0 0 0 0 0 0 0 0 0 0 0 0 0 3.44 3.60 26 
192 15.07.2011 15:03:04 15.07.2011 11:03:04 N/A N/A N/A N/A N/A N/A 25.4 No No 0 0 0 0 0 0 0 0 0 0 0 0 0 0 0 0 0 0 0 0 0 0 0 0 0 3.44 3.60 30 
193 15.07.2011 17:30:54 15.07.2011 13:30:54 967410 -5130109 3652109 35.1563397 -79.3208585 82.99 6.0 3D Yes 0 0 0 0 0 0 0 0 0 0 0 0 0 0 0 0 0 0 0 0 0 0 0 0 0 3.44 3.60 32 
194 15.07.2011 20:01:47 15.07.2011 16:01:47 967444 -5130137 3652059 35.1557958 -79.3205487 81.84 3.2 3D Yes 0 0 0 0 0 0 0 0 0 0 0 0 0 0 0 0 0 0 0 0 0 0 0 0 0 3.44 3.60 34 
195 15.07.2011 22:30:47 15.07.2011 18:30:47 967461 -5130080 3652103 35.1563944 -79.3202495 63.96 5.0 3D Yes 0 0 0 0 0 0 0 0 0 0 0 0 0 0 0 0 0 0 0 0 0 0 0 0 0 3.44 3.60 31 
196 16.07.2011 00:02:17 15.07.2011 20:02:17 967725 -5129970 3652199 35.1574089 -79.3171785 70.87 2.6 3D Yes 0 0 0 0 0 0 0 0 0 0 0 0 0 0 0 0 0 0 0 0 0 0 0 0 0 3.44 3.60 29 
197 16.07.2011 02:31:37 15.07.2011 22:31:37 N/A N/A N/A N/A N/A N/A 25.4 No No 0 0 0 0 0 0 0 0 0 0 0 0 0 0 0 0 0 0 0 0 0 0 0 0 0 3.44 3.60 26 
198 16.07.2011 05:03:05 16.07.2011 01:03:05 N/A N/A N/A N/A N/A N/A 25.4 No No 0 0 0 0 0 0 0 0 0 0 0 0 0 0 0 0 0 0 0 0 0 0 0 0 0 3.36 3.60 25 
199 16.07.2011 07:30:50 16.07.2011 03:30:50 967209 -5130268 3651949 35.1545430 -79.3233496 88.15 2.2 3D Yes 0 0 0 0 0 0 0 0 0 0 0 0 0 0 0 0 0 0 0 0 0 0 0 0 0 3.44 3.60 25 
200 16.07.2011 10:00:54 16.07.2011 06:00:54 967103 -5130312 3651936 35.1543247 -79.3245822 99.97 2.8 3D Yes 0 0 0 0 0 0 0 0 0 0 0 0 0 0 0 0 0 0 0 0 0 0 0 0 0 3.44 3.60 21 
201 16.07.2011 12:30:47 16.07.2011 08:30:47 967111 -5130297 3651928 35.1543346 -79.3244655 84.52 3.4 3D Yes 0 0 0 0 0 0 0 0 0 0 0 0 0 0 0 0 0 0 0 0 0 0 0 0 0 3.44 3.60 26 
202 16.07.2011 15:03:11 16.07.2011 11:03:11 N/A N/A N/A N/A N/A N/A 25.4 No No 0 0 0 0 0 0 0 0 0 0 0 0 0 0 0 0 0 0 0 0 0 0 0 0 0 3.44 3.60 31 
203 16.07.2011 17:30:55 16.07.2011 13:30:55 967521 -5130056 3652138 35.1567170 -79.3195536 73.92 2.8 3D Yes 0 0 0 0 0 0 0 0 0 0 0 0 0 0 0 0 0 0 0 0 0 0 0 0 0 3.44 3.60 34 
204 16.07.2011 20:00:55 16.07.2011 16:00:55 967721 -5130547 3651416 35.1486998 -79.3183954 83.03 3.2 3D Yes 0 0 0 0 0 0 0 0 0 0 0 0 0 0 0 0 0 0 0 0 0 0 0 0 0 3.44 3.60 33 
205 16.07.2011 22:31:24 16.07.2011 18:31:24 967650 -5130575 3651403 35.1485295 -79.3192180 87.28 4.0 3D Yes 0 0 0 0 0 0 0 0 0 0 0 0 0 0 0 0 0 0 0 0 0 0 0 0 0 3.44 3.60 32 
206 17.07.2011 00:00:47 16.07.2011 20:00:47 967660 -5130523 3651469 35.1492715 -79.3190044 85.01 2.6 3D Yes 0 0 0 0 0 0 0 0 0 0 0 0 0 0 0 0 0 0 0 0 0 0 0 0 0 3.44 3.60 29 
207 17.07.2011 02:30:54 16.07.2011 22:30:54 967616 -5130446 3651548 35.1502887 -79.3193223 61.96 2.4 3D Yes 0 0 0 0 0 0 0 0 0 0 0 0 0 0 0 0 0 0 0 0 0 0 0 0 0 3.44 3.60 25 
208 17.07.2011 05:01:25 17.07.2011 01:01:25 967595 -5130198 3651892 35.1541087 -79.3190443 57.58 6.8 3D No 0 0 0 0 0 0 0 0 0 0 0 0 0 0 0 0 0 0 0 0 0 0 0 0 0 3.44 3.60 22 
209 17.07.2011 07:31:10 17.07.2011 03:31:10 967419 -5130356 3651772 35.1525879 -79.3212637 88.76 2.6 3D Yes 0 0 0 0 0 0 0 0 0 0 0 0 0 0 0 0 0 0 0 0 0 0 0 0 0 3.44 3.60 23 
210 17.07.2011 10:00:44 17.07.2011 06:00:44 967260 -5130193 3652042 35.1555618 -79.3226471 89.17 4.6 3D Yes 0 0 0 0 0 0 0 0 0 0 0 0 0 0 0 0 0 0 0 0 0 0 0 0 0 3.44 3.60 21 
211 17.07.2011 12:31:40 17.07.2011 08:31:40 N/A N/A N/A N/A N/A N/A 25.4 No No 0 0 0 0 0 0 0 0 0 0 0 0 0 0 0 0 0 0 0 0 0 0 0 0 0 3.36 3.60 25 
212 17.07.2011 15:01:23 17.07.2011 11:01:23 967630 -5130072 3652108 35.1563095 -79.3184105 86.02 2.2 3D Yes 0 0 0 0 0 0 0 0 0 0 0 0 0 0 0 0 0 0 0 0 0 0 0 0 0 3.44 3.60 31 
213 17.07.2011 17:30:53 17.07.2011 13:30:53 967632 -5130038 3652133 35.1566652 -79.3183198 73.40 3.2 3D Yes 0 0 0 0 0 0 0 0 0 0 0 0 0 0 0 0 0 0 0 0 0 0 0 0 0 3.44 3.60 34 
214 17.07.2011 20:02:32 17.07.2011 16:02:32 967553 -5130239 3651882 35.1538664 -79.3195807 78.39 5.2 3D No 0 0 0 0 0 0 0 0 0 0 0 0 0 0 0 0 0 0 0 0 0 0 0 0 0 3.44 3.60 34 
215 17.07.2011 22:30:23 17.07.2011 18:30:23 967700 -5130225 3651775 35.1530078 -79.3179668 27.82 4.0 3D Yes 0 0 0 0 0 0 0 0 0 0 0 0 0 0 0 0 0 0 0 0 0 0 0 0 0 3.44 3.60 33 
216 18.07.2011 00:01:38 17.07.2011 20:01:38 967734 -5130161 3651856 35.1538984 -79.3174700 28.18 2.6 2D No 0 0 0 0 0 0 0 0 0 0 0 0 0 0 0 0 0 0 0 0 0 0 0 0 0 3.44 3.60 29 
217 18.07.2011 02:31:38 17.07.2011 22:31:38 N/A N/A N/A N/A N/A N/A 25.4 No No 0 0 0 0 0 0 0 0 0 0 0 0 0 0 0 0 0 0 0 0 0 0 0 0 0 3.36 3.60 26 
218 18.07.2011 05:03:06 18.07.2011 01:03:06 N/A N/A N/A N/A N/A N/A 25.4 No No 0 0 0 0 0 0 0 0 0 0 0 0 0 0 0 0 0 0 0 0 0 0 0 0 0 3.36 3.60 26 
219 18.07.2011 07:33:06 18.07.2011 03:33:06 N/A N/A N/A N/A N/A N/A 25.4 No No 0 0 0 0 0 0 0 0 0 0 0 0 0 0 0 0 0 0 0 0 0 0 0 0 0 3.36 3.60 23 
220 18.07.2011 10:00:26 18.07.2011 06:00:26 967205 -5130277 3651940 35.1544346 -79.3234110 89.60 4.0 3D Yes 0 0 0 0 0 0 0 0 0 0 0 0 0 0 0 0 0 0 0 0 0 0 0 0 0 3.44 3.60 20 
221 18.07.2011 12:31:11 18.07.2011 08:31:11 967304 -5130228 3651980 35.1548841 -79.3222437 88.26 4.6 3D Yes 0 0 0 0 0 0 0 0 0 0 0 0 0 0 0 0 0 0 0 0 0 0 0 0 0 3.44 3.60 26 
222 18.07.2011 15:00:55 18.07.2011 11:00:55 967352 -5130212 3651996 35.1550375 -79.3216935 91.89 2.8 3D Yes 0 0 0 0 0 0 0 0 0 0 0 0 0 0 0 0 0 0 0 0 0 0 0 0 0 3.44 3.60 32 
223 18.07.2011 17:30:48 18.07.2011 13:30:48 967349 -5130195 3651989 35.1550755 -79.3216913 73.74 2.6 3D Yes 0 0 0 0 0 0 0 0 0 0 0 0 0 0 0 0 0 0 0 0 0 0 0 0 0 3.44 3.60 37 
224 18.07.2011 20:03:04 18.07.2011 16:03:04 N/A N/A N/A N/A N/A N/A 25.4 No No 0 0 0 0 0 0 0 0 0 0 0 0 0 0 0 0 0 0 0 0 0 0 0 0 0 3.44 3.60 38 
225 18.07.2011 22:33:04 18.07.2011 18:33:04 N/A N/A N/A N/A N/A N/A 25.4 No No 0 0 0 0 0 0 0 0 0 0 0 0 0 0 0 0 0 0 0 0 0 0 0 0 0 3.44 3.60 35 
226 19.07.2011 00:03:04 18.07.2011 20:03:04 N/A N/A N/A N/A N/A N/A 25.4 No No 0 0 0 0 0 0 0 0 0 0 0 0 0 0 0 0 0 0 0 0 0 0 0 0 0 3.44 3.60 30 
227 19.07.2011 02:32:53 18.07.2011 22:32:53 967606 -5129989 3652211 35.1575149 -79.3185005 75.01 3.6 3D Yes 0 0 0 0 0 0 0 0 0 0 0 0 0 0 0 0 0 0 0 0 0 0 0 0 0 3.36 3.60 27 
228 19.07.2011 05:03:09 19.07.2011 01:03:09 N/A N/A N/A N/A N/A N/A 25.4 No No 0 0 0 0 0 0 0 0 0 0 0 0 0 0 0 0 0 0 0 0 0 0 0 0 0 3.36 3.60 25 
229 19.07.2011 07:33:09 19.07.2011 03:33:09 N/A N/A N/A N/A N/A N/A 25.4 No No 0 0 0 0 0 0 0 0 0 0 0 0 0 0 0 0 0 0 0 0 0 0 0 0 0 3.36 3.60 25 
230 19.07.2011 10:01:41 19.07.2011 06:01:41 N/A N/A N/A N/A N/A N/A 25.4 No No 0 0 0 0 0 0 0 0 0 0 0 0 0 0 0 0 0 0 0 0 0 0 0 0 0 3.36 3.60 25 
231 19.07.2011 12:31:41 19.07.2011 08:31:41 N/A N/A N/A N/A N/A N/A 25.4 No No 0 0 0 0 0 0 0 0 0 0 0 0 0 0 0 0 0 0 0 0 0 0 0 0 0 3.44 3.60 27 
232 19.07.2011 15:03:09 19.07.2011 11:03:09 N/A N/A N/A N/A N/A N/A 25.4 No No 0 0 0 0 0 0 0 0 0 0 0 0 0 0 0 0 0 0 0 0 0 0 0 0 0 3.44 3.60 35 
233 19.07.2011 17:31:41 19.07.2011 13:31:41 N/A N/A N/A N/A N/A N/A 25.4 No No 0 0 0 0 0 0 0 0 0 0 0 0 0 0 0 0 0 0 0 0 0 0 0 0 0 3.44 3.60 37 
234 19.07.2011 20:02:23 19.07.2011 16:02:23 967493 -5130121 3652074 35.1559408 -79.3199877 85.05 3.6 3D Yes 0 0 0 0 0 0 0 0 0 0 0 0 0 0 0 0 0 0 0 0 0 0 0 0 0 3.44 3.60 39 
235 19.07.2011 22:33:11 19.07.2011 18:33:11 N/A N/A N/A N/A N/A N/A 25.4 No No 0 0 0 0 0 0 0 0 0 0 0 0 0 0 0 0 0 0 0 0 0 0 0 0 0 3.44 3.60 34 
236 20.07.2011 00:01:43 19.07.2011 20:01:43 N/A N/A N/A N/A N/A N/A 25.4 No No 0 0 0 0 0 0 0 0 0 0 0 0 0 0 0 0 0 0 0 0 0 0 0 0 0 3.44 3.60 32 
237 20.07.2011 02:31:43 19.07.2011 22:31:43 N/A N/A N/A N/A N/A N/A 25.4 No No 0 0 0 0 0 0 0 0 0 0 0 0 0 0 0 0 0 0 0 0 0 0 0 0 0 3.44 3.60 30 
238 20.07.2011 05:03:11 20.07.2011 01:03:11 N/A N/A N/A N/A N/A N/A 25.4 No No 0 0 0 0 0 0 0 0 0 0 0 0 0 0 0 0 0 0 0 0 0 0 0 0 0 3.36 3.60 28 
239 20.07.2011 07:33:01 20.07.2011 03:33:01 968226 -5129942 3652128 35.1565463 -79.3117183 83.44 2.2 2D No 0 0 0 0 0 0 0 0 0 0 0 0 0 0 0 0 0 0 0 0 0 0 0 0 0 3.44 3.60 25 
240 20.07.2011 10:02:53 20.07.2011 06:02:53 968059 -5130121 3651901 35.1541213 -79.3138836 71.22 7.2 3D Yes 0 0 0 0 0 0 0 0 0 0 0 0 0 0 0 0 0 0 0 0 0 0 0 0 0 3.36 3.60 25 
241 20.07.2011 12:30:53 20.07.2011 08:30:53 968056 -5130512 3651418 35.1485708 -79.3147116 106.84 4.6 3D Yes 0 0 0 0 0 0 0 0 0 0 0 0 0 0 0 0 0 0 0 0 0 0 0 0 0 3.44 3.60 28 
242 20.07.2011 15:03:09 20.07.2011 11:03:09 N/A N/A N/A N/A N/A N/A 25.4 No No 0 0 0 0 0 0 0 0 0 0 0 0 0 0 0 0 0 0 0 0 0 0 0 0 0 3.44 3.60 31 
243 20.07.2011 17:33:09 20.07.2011 13:33:09 N/A N/A N/A N/A N/A N/A 25.4 No No 0 0 0 0 0 0 0 0 0 0 0 0 0 0 0 0 0 0 0 0 0 0 0 0 0 3.44 3.60 33 
244 20.07.2011 20:03:09 20.07.2011 16:03:09 N/A N/A N/A N/A N/A N/A 25.4 No No 0 0 0 0 0 0 0 0 0 0 0 0 0 0 0 0 0 0 0 0 0 0 0 0 0 3.44 3.60 32 
245 20.07.2011 22:33:09 20.07.2011 18:33:09 N/A N/A N/A N/A N/A N/A 25.4 No No 0 0 0 0 0 0 0 0 0 0 0 0 0 0 0 0 0 0 0 0 0 0 0 0 0 3.44 3.60 33 
246 21.07.2011 00:03:09 20.07.2011 20:03:09 N/A N/A N/A N/A N/A N/A 25.4 No No 0 0 0 0 0 0 0 0 0 0 0 0 0 0 0 0 0 0 0 0 0 0 0 0 0 3.44 3.60 31 
247 21.07.2011 02:33:09 20.07.2011 22:33:09 N/A N/A N/A N/A N/A N/A 25.4 No No 0 0 0 0 0 0 0 0 0 0 0 0 0 0 0 0 0 0 0 0 0 0 0 0 0 3.36 3.60 30 
248 21.07.2011 05:03:09 21.07.2011 01:03:09 N/A N/A N/A N/A N/A N/A 25.4 No No 0 0 0 0 0 0 0 0 0 0 0 0 0 0 0 0 0 0 0 0 0 0 0 0 0 3.36 3.60 28 
249 21.07.2011 07:33:09 21.07.2011 03:33:09 N/A N/A N/A N/A N/A N/A 25.4 No No 0 0 0 0 0 0 0 0 0 0 0 0 0 0 0 0 0 0 0 0 0 0 0 0 0 3.36 3.60 28 
250 21.07.2011 10:03:09 21.07.2011 06:03:09 N/A N/A N/A N/A N/A N/A 25.4 No No 0 0 0 0 0 0 0 0 0 0 0 0 0 0 0 0 0 0 0 0 0 0 0 0 0 3.36 3.60 26 
251 21.07.2011 12:30:54 21.07.2011 08:30:54 967359 -5130559 3651518 35.1497385 -79.3223236 96.54 2.6 3D Yes 0 0 0 0 0 0 0 0 0 0 0 0 0 0 0 0 0 0 0 0 0 0 0 0 0 3.44 3.60 30 
252 21.07.2011 15:03:10 21.07.2011 11:03:10 N/A N/A N/A N/A N/A N/A 25.4 No No 0 0 0 0 0 0 0 0 0 0 0 0 0 0 0 0 0 0 0 0 0 0 0 0 0 3.44 3.60 35 
253 21.07.2011 17:30:56 21.07.2011 13:30:56 967653 -5130525 3651463 35.1492238 -79.3190839 82.10 4.0 3D Yes 0 0 0 0 0 0 0 0 0 0 0 0 0 0 0 0 0 0 0 0 0 0 0 0 0 3.44 3.60 35 
254 21.07.2011 20:01:36 21.07.2011 16:01:36 N/A N/A N/A N/A N/A N/A 25.4 No No 0 0 0 0 0 0 0 0 0 0 0 0 0 0 0 0 0 0 0 0 0 0 0 0 0 3.44 3.60 37 
255 21.07.2011 22:31:36 21.07.2011 18:31:36 N/A N/A N/A N/A N/A N/A 25.4 No No 0 0 0 0 0 0 0 0 0 0 0 0 0 0 0 0 0 0 0 0 0 0 0 0 0 3.44 3.60 36 
256 22.07.2011 00:03:04 21.07.2011 20:03:04 N/A N/A N/A N/A N/A N/A 25.4 No No 0 0 0 0 0 0 0 0 0 0 0 0 0 0 0 0 0 0 0 0 0 0 0 0 0 3.44 3.60 32 
257 22.07.2011 02:33:04 21.07.2011 22:33:04 N/A N/A N/A N/A N/A N/A 25.4 No No 0 0 0 0 0 0 0 0 0 0 0 0 0 0 0 0 0 0 0 0 0 0 0 0 0 3.36 3.60 28 
258 22.07.2011 05:01:36 22.07.2011 01:01:36 N/A N/A N/A N/A N/A N/A 25.4 No No 0 0 0 0 0 0 0 0 0 0 0 0 0 0 0 0 0 0 0 0 0 0 0 0 0 3.44 3.60 27 
259 22.07.2011 07:31:36 22.07.2011 03:31:36 N/A N/A N/A N/A N/A N/A 25.4 No No 0 0 0 0 0 0 0 0 0 0 0 0 0 0 0 0 0 0 0 0 0 0 0 0 0 3.36 3.60 28 
260 22.07.2011 10:03:04 22.07.2011 06:03:04 N/A N/A N/A N/A N/A N/A 25.4 No No 0 0 0 0 0 0 0 0 0 0 0 0 0 0 0 0 0 0 0 0 0 0 0 0 0 3.36 3.60 27 
261 22.07.2011 12:31:36 22.07.2011 08:31:36 N/A N/A N/A N/A N/A N/A 25.4 No No 0 0 0 0 0 0 0 0 0 0 0 0 0 0 0 0 0 0 0 0 0 0 0 0 0 3.44 3.60 29 
262 22.07.2011 15:01:36 22.07.2011 11:01:36 N/A N/A N/A N/A N/A N/A 25.4 No No 0 0 0 0 0 0 0 0 0 0 0 0 0 0 0 0 0 0 0 0 0 0 0 0 0 3.44 3.60 33 
263 22.07.2011 17:31:36 22.07.2011 13:31:36 N/A N/A N/A N/A N/A N/A 25.4 No No 0 0 0 0 0 0 0 0 0 0 0 0 0 0 0 0 0 0 0 0 0 0 0 0 0 3.44 3.60 37 
264 22.07.2011 20:03:04 22.07.2011 16:03:04 N/A N/A N/A N/A N/A N/A 25.4 No No 0 0 0 0 0 0 0 0 0 0 0 0 0 0 0 0 0 0 0 0 0 0 0 0 0 3.44 3.60 39 
265 22.07.2011 22:33:04 22.07.2011 18:33:04 N/A N/A N/A N/A N/A N/A 25.4 No No 0 0 0 0 0 0 0 0 0 0 0 0 0 0 0 0 0 0 0 0 0 0 0 0 0 3.44 3.60 37 
266 23.07.2011 00:01:36 22.07.2011 20:01:36 N/A N/A N/A N/A N/A N/A 25.4 No No 0 0 0 0 0 0 0 0 0 0 0 0 0 0 0 0 0 0 0 0 0 0 0 0 0 3.44 3.60 34 
267 23.07.2011 02:33:04 22.07.2011 22:33:04 N/A N/A N/A N/A N/A N/A 25.4 No No 0 0 0 0 0 0 0 0 0 0 0 0 0 0 0 0 0 0 0 0 0 0 0 0 0 3.44 3.60 31 
268 23.07.2011 05:00:53 23.07.2011 01:00:53 967582 -5130163 3651939 35.1546461 -79.3191133 54.55 6.4 3D Yes 0 0 0 0 0 0 0 0 0 0 0 0 0 0 0 0 0 0 0 0 0 0 0 0 0 3.44 3.60 30 
269 23.07.2011 07:32:57 23.07.2011 03:32:57 967793 -5130045 3652093 35.1561798 -79.3165977 80.39 5.4 3D No 0 0 0 0 0 0 0 0 0 0 0 0 0 0 0 0 0 0 0 0 0 0 0 0 0 3.44 3.60 28 
270 23.07.2011 10:00:54 23.07.2011 06:00:54 967769 -5129996 3652167 35.1569981 -79.3167568 80.00 2.4 3D Yes 0 0 0 0 0 0 0 0 0 0 0 0 0 0 0 0 0 0 0 0 0 0 0 0 0 3.44 3.60 28 
271 23.07.2011 12:31:42 23.07.2011 08:31:42 N/A N/A N/A N/A N/A N/A 25.4 No No 0 0 0 0 0 0 0 0 0 0 0 0 0 0 0 0 0 0 0 0 0 0 0 0 0 3.44 3.60 30 
272 23.07.2011 15:01:42 23.07.2011 11:01:42 N/A N/A N/A N/A N/A N/A 25.4 No No 0 0 0 0 0 0 0 0 0 0 0 0 0 0 0 0 0 0 0 0 0 0 0 0 0 3.44 3.60 35 
273 23.07.2011 17:31:42 23.07.2011 13:31:42 N/A N/A N/A N/A N/A N/A 25.4 No No 0 0 0 0 0 0 0 0 0 0 0 0 0 0 0 0 0 0 0 0 0 0 0 0 0 3.44 3.60 33 
274 23.07.2011 20:01:18 23.07.2011 16:01:18 967768 -5130498 3651446 35.1491256 -79.3177889 68.05 4.4 3D Yes 0 0 0 0 0 0 0 0 0 0 0 0 0 0 0 0 0 0 0 0 0 0 0 0 0 3.44 3.60 29 
275 23.07.2011 22:31:42 23.07.2011 18:31:42 N/A N/A N/A N/A N/A N/A 25.4 No No 0 0 0 0 0 0 0 0 0 0 0 0 0 0 0 0 0 0 0 0 0 0 0 0 0 3.44 3.60 31 
276 24.07.2011 00:01:48 23.07.2011 20:01:48 967657 -5130681 3651242 35.1467957 -79.3193581 80.83 4.2 3D Yes 0 0 0 0 0 0 0 0 0 0 0 0 0 0 0 0 0 0 0 0 0 0 0 0 0 3.44 3.60 29 
277 24.07.2011 02:30:44 23.07.2011 22:30:44 968023 -5130053 3651977 35.1550629 -79.3141335 54.89 2.8 3D Yes 0 0 0 0 0 0 0 0 0 0 0 0 0 0 0 0 0 0 0 0 0 0 0 0 0 3.44 3.60 28 
278 24.07.2011 05:00:41 24.07.2011 01:00:41 968025 -5130057 3652006 35.1552542 -79.3141200 75.11 5.2 3D Yes 0 0 0 0 0 0 0 0 0 0 0 0 0 0 0 0 0 0 0 0 0 0 0 0 0 3.44 3.60 28 
279 24.07.2011 07:30:43 24.07.2011 03:30:43 967933 -5130156 3651968 35.1545579 -79.3153137 118.82 2.8 3D Yes 0 0 0 0 0 0 0 0 0 0 0 0 0 0 0 0 0 0 0 0 0 0 0 0 0 3.44 3.60 27 
280 24.07.2011 10:00:43 24.07.2011 06:00:43 967928 -5130094 3651973 35.1549157 -79.3152414 71.13 2.4 3D Yes 0 0 0 0 0 0 0 0 0 0 0 0 0 0 0 0 0 0 0 0 0 0 0 0 0 3.44 3.60 26 
281 24.07.2011 12:31:42 24.07.2011 08:31:42 967956 -5130096 3651973 35.1548786 -79.3149435 76.98 2.0 3D Yes 0 0 0 0 0 0 0 0 0 0 0 0 0 0 0 0 0 0 0 0 0 0 0 0 0 3.44 3.60 29 
282 24.07.2011 15:02:44 24.07.2011 11:02:44 967241 -5130269 3652024 35.1550599 -79.3230065 136.99 2.6 3D Yes 0 0 0 0 0 0 0 0 0 0 0 0 0 0 0 0 0 0 0 0 0 0 0 0 0 3.44 3.60 31 
283 24.07.2011 17:30:41 24.07.2011 13:30:41 1249493 -5189865 3479207 33.2710494 -76.4632978 137.99 3.2 2D No 0 0 0 0 0 0 0 0 0 0 0 0 0 0 0 0 0 0 0 0 0 0 0 0 0 3.44 3.60 37 
284 24.07.2011 20:01:42 24.07.2011 16:01:42 967482 -5130353 3651791 35.1526826 -79.3205782 106.83 4.4 3D Yes 0 0 0 0 0 0 0 0 0 0 0 0 0 0 0 0 0 0 0 0 0 0 0 0 0 3.44 3.60 30 
285 24.07.2011 22:31:18 24.07.2011 18:31:18 968283 -5130060 3651945 35.1545411 -79.3113437 81.51 3.4 3D Yes 0 0 0 0 0 0 0 0 0 0 0 0 0 0 0 0 0 0 0 0 0 0 0 0 0 3.44 3.60 27 
286 25.07.2011 00:00:54 24.07.2011 20:00:54 968283 -5130065 3651966 35.1546704 -79.3113539 97.62 2.8 3D Yes 0 0 0 0 0 0 0 0 0 0 0 0 0 0 0 0 0 0 0 0 0 0 0 0 0 3.44 3.60 29 
287 25.07.2011 02:30:49 24.07.2011 22:30:49 967641 -5129969 3652220 35.1576496 -79.3180824 69.43 2.4 3D Yes 0 0 0 0 0 0 0 0 0 0 0 0 0 0 0 0 0 0 0 0 0 0 0 0 0 3.44 3.60 27 
288 25.07.2011 05:00:48 25.07.2011 01:00:48 967392 -5130504 3651542 35.1501641 -79.3218559 71.16 1.8 3D Yes 0 0 0 0 0 0 0 0 0 0 0 0 0 0 0 0 0 0 0 0 0 0 0 0 0 3.44 3.60 25 
289 25.07.2011 07:30:35 25.07.2011 03:30:35 967393 -5130543 3651551 35.1500306 -79.3219244 107.83 3.2 3D Yes 0 0 0 0 0 0 0 0 0 0 0 0 0 0 0 0 0 0 0 0 0 0 0 0 0 3.44 3.60 27 
290 25.07.2011 10:00:44 25.07.2011 06:00:44 967598 -5130513 3651515 35.1497211 -79.3196527 94.06 3.0 3D Yes 0 0 0 0 0 0 0 0 0 0 0 0 0 0 0 0 0 0 0 0 0 0 0 0 0 3.44 3.60 25 
291 25.07.2011 12:30:42 25.07.2011 08:30:42 967592 -5130492 3651536 35.1499887 -79.3196746 88.37 2.8 3D Yes 0 0 0 0 0 0 0 0 0 0 0 0 0 0 0 0 0 0 0 0 0 0 0 0 0 3.44 3.60 27 
292 25.07.2011 15:00:55 25.07.2011 11:00:55 967684 -5130580 3651406 35.1484934 -79.3188615 98.18 3.2 3D Yes 0 0 0 0 0 0 0 0 0 0 0 0 0 0 0 0 0 0 0 0 0 0 0 0 0 3.44 3.60 33 
293 25.07.2011 17:31:24 25.07.2011 13:31:24 967547 -5130508 3651534 35.1499357 -79.3201925 93.26 3.2 3D Yes 0 0 0 0 0 0 0 0 0 0 0 0 0 0 0 0 0 0 0 0 0 0 0 0 0 3.44 3.60 35 
294 25.07.2011 20:01:11 25.07.2011 16:01:11 967552 -5130488 3651543 35.1500992 -79.3200979 83.13 3.0 3D Yes 0 0 0 0 0 0 0 0 0 0 0 0 0 0 0 0 0 0 0 0 0 0 0 0 0 3.44 3.60 33 
295 25.07.2011 22:30:50 25.07.2011 18:30:50 967564 -5130499 3651534 35.1499652 -79.3199908 88.60 3.6 3D Yes 0 0 0 0 0 0 0 0 0 0 0 0 0 0 0 0 0 0 0 0 0 0 0 0 0 3.44 3.60 27 
296 26.07.2011 00:01:46 25.07.2011 20:01:46 967501 -5130483 3651531 35.1500853 -79.3206377 64.47 3.0 3D Yes 0 0 0 0 0 0 0 0 0 0 0 0 0 0 0 0 0 0 0 0 0 0 0 0 0 3.36 3.60 24 
297 26.07.2011 02:30:47 25.07.2011 22:30:47 967504 -5130535 3651550 35.1499573 -79.3207111 117.65 2.2 3D Yes 0 0 0 0 0 0 0 0 0 0 0 0 0 0 0 0 0 0 0 0 0 0 0 0 0 3.44 3.60 25 
298 26.07.2011 05:01:43 26.07.2011 01:01:43 N/A N/A N/A N/A N/A N/A 25.4 No No 0 0 0 0 0 0 0 0 0 0 0 0 0 0 0 0 0 0 0 0 0 0 0 0 0 3.36 3.60 24 
299 26.07.2011 07:30:55 26.07.2011 03:30:55 967489 -5130499 3651540 35.1500816 -79.3207997 80.69 4.0 3D Yes 0 0 0 0 0 0 0 0 0 0 0 0 0 0 0 0 0 0 0 0 0 0 0 0 0 3.44 3.60 25 
300 26.07.2011 10:01:17 26.07.2011 06:01:17 967607 -5130465 3651584 35.1504658 -79.3194580 96.59 4.4 3D Yes 0 0 0 0 0 0 0 0 0 0 0 0 0 0 0 0 0 0 0 0 0 0 0 0 0 3.44 3.60 26 
301 26.07.2011 12:33:09 26.07.2011 08:33:09 N/A N/A N/A N/A N/A N/A 4.2 No No 0 0 0 0 0 0 0 0 0 0 0 0 0 0 0 0 0 0 0 0 0 0 0 0 0 3.36 3.60 26 
302 26.07.2011 15:03:09 26.07.2011 11:03:09 N/A N/A N/A N/A N/A N/A 25.4 No No 0 0 0 0 0 0 0 0 0 0 0 0 0 0 0 0 0 0 0 0 0 0 0 0 0 3.36 3.60 28 
303 26.07.2011 17:30:55 26.07.2011 13:30:55 967595 -5130545 3651615 35.1502978 -79.3197501 176.89 5.2 3D Yes 0 0 0 0 0 0 0 0 0 0 0 0 0 0 0 0 0 0 0 0 0 0 0 0 0 3.44 3.60 29 
304 26.07.2011 20:01:55 26.07.2011 16:01:55 967587 -5130476 3651531 35.1500383 -79.3196960 71.88 3.0 3D Yes 0 0 0 0 0 0 0 0 0 0 0 0 0 0 0 0 0 0 0 0 0 0 0 0 0 3.44 3.60 31 
305 26.07.2011 22:33:07 26.07.2011 18:33:07 N/A N/A N/A N/A N/A N/A 25.4 No No 0 0 0 0 0 0 0 0 0 0 0 0 0 0 0 0 0 0 0 0 0 0 0 0 0 3.36 3.60 29 
306 27.07.2011 00:03:07 26.07.2011 20:03:07 N/A N/A N/A N/A N/A N/A 25.4 No No 0 0 0 0 0 0 0 0 0 0 0 0 0 0 0 0 0 0 0 0 0 0 0 0 0 3.44 3.60 28 
307 27.07.2011 02:31:39 26.07.2011 22:31:39 N/A N/A N/A N/A N/A N/A 25.4 No No 0 0 0 0 0 0 0 0 0 0 0 0 0 0 0 0 0 0 0 0 0 0 0 0 0 3.36 3.60 25 
308 27.07.2011 05:01:39 27.07.2011 01:01:39 N/A N/A N/A N/A N/A N/A 25.4 No No 0 0 0 0 0 0 0 0 0 0 0 0 0 0 0 0 0 0 0 0 0 0 0 0 0 3.36 3.60 25 
309 27.07.2011 07:30:55 27.07.2011 03:30:55 967610 -5130182 3651929 35.1544486 -79.3188500 68.30 3.0 3D Yes 0 0 0 0 0 0 0 0 0 0 0 0 0 0 0 0 0 0 0 0 0 0 0 0 0 3.44 3.60 27 
310 27.07.2011 10:03:11 27.07.2011 06:03:11 N/A N/A N/A N/A N/A N/A 25.4 No No 0 0 0 0 0 0 0 0 0 0 0 0 0 0 0 0 0 0 0 0 0 0 0 0 0 3.36 3.60 24 
311 27.07.2011 12:33:11 27.07.2011 08:33:11 N/A N/A N/A N/A N/A N/A 25.4 No No 0 0 0 0 0 0 0 0 0 0 0 0 0 0 0 0 0 0 0 0 0 0 0 0 0 3.44 3.60 28 
312 27.07.2011 15:01:56 27.07.2011 11:01:56 967506 -5130075 3652136 35.1566198 -79.3197540 85.76 2.2 3D Yes 0 0 0 0 0 0 0 0 0 0 0 0 0 0 0 0 0 0 0 0 0 0 0 0 0 3.44 3.60 31 
313 27.07.2011 17:33:08 27.07.2011 13:33:08 N/A N/A N/A N/A N/A N/A 25.4 No No 0 0 0 0 0 0 0 0 0 0 0 0 0 0 0 0 0 0 0 0 0 0 0 0 0 3.44 3.60 34 
314 27.07.2011 20:01:23 27.07.2011 16:01:23 968168 -5130031 3652005 35.1552418 -79.3125249 75.32 4.2 3D Yes 0 0 0 0 0 0 0 0 0 0 0 0 0 0 0 0 0 0 0 0 0 0 0 0 0 3.44 3.60 36 
315 27.07.2011 22:30:47 27.07.2011 18:30:47 968148 -5130038 3652015 35.1552991 -79.3127549 83.67 3.0 3D Yes 0 0 0 0 0 0 0 0 0 0 0 0 0 0 0 0 0 0 0 0 0 0 0 0 0 3.44 3.60 37 
316 28.07.2011 00:00:55 27.07.2011 20:00:55 968167 -5130050 3652018 35.1552417 -79.3125744 97.92 2.6 3D Yes 0 0 0 0 0 0 0 0 0 0 0 0 0 0 0 0 0 0 0 0 0 0 0 0 0 3.44 3.60 32 
317 28.07.2011 02:31:12 27.07.2011 22:31:12 967884 -5130210 3651812 35.1531800 -79.3159520 64.95 2.6 3D Yes 0 0 0 0 0 0 0 0 0 0 0 0 0 0 0 0 0 0 0 0 0 0 0 0 0 3.44 3.60 30 
318 28.07.2011 05:01:39 28.07.2011 01:01:39 967337 -5130188 3652015 35.1553143 -79.3218065 81.27 2.0 3D Yes 0 0 0 0 0 0 0 0 0 0 0 0 0 0 0 0 0 0 0 0 0 0 0 0 0 3.44 3.60 26 
319 28.07.2011 07:31:17 28.07.2011 03:31:17 967502 -5130497 3651545 35.1501161 -79.3206554 83.93 3.6 3D Yes 0 0 0 0 0 0 0 0 0 0 0 0 0 0 0 0 0 0 0 0 0 0 0 0 0 3.44 3.60 25 
320 28.07.2011 10:01:54 28.07.2011 06:01:54 967531 -5130531 3651563 35.1500475 -79.3204118 126.01 4.4 3D Yes 0 0 0 0 0 0 0 0 0 0 0 0 0 0 0 0 0 0 0 0 0 0 0 0 0 3.44 3.60 26 
321 28.07.2011 12:31:43 28.07.2011 08:31:43 967582 -5130555 3651429 35.1488885 -79.3199106 75.88 5.8 3D No 0 0 0 0 0 0 0 0 0 0 0 0 0 0 0 0 0 0 0 0 0 0 0 0 0 3.36 3.60 27 
322 28.07.2011 15:01:23 28.07.2011 11:01:23 967657 -5130547 3651412 35.1487319 -79.3190855 71.03 4.2 3D Yes 0 0 0 0 0 0 0 0 0 0 0 0 0 0 0 0 0 0 0 0 0 0 0 0 0 3.44 3.60 33 
323 28.07.2011 17:33:07 28.07.2011 13:33:07 N/A N/A N/A N/A N/A N/A 25.4 No No 0 0 0 0 0 0 0 0 0 0 0 0 0 0 0 0 0 0 0 0 0 0 0 0 0 3.44 3.60 33 
324 28.07.2011 20:03:07 28.07.2011 16:03:07 N/A N/A N/A N/A N/A N/A 25.4 No No 0 0 0 0 0 0 0 0 0 0 0 0 0 0 0 0 0 0 0 0 0 0 0 0 0 3.44 3.60 38 
325 28.07.2011 22:33:07 28.07.2011 18:33:07 N/A N/A N/A N/A N/A N/A 25.4 No No 0 0 0 0 0 0 0 0 0 0 0 0 0 0 0 0 0 0 0 0 0 0 0 0 0 3.44 3.60 35 
326 29.07.2011 00:03:07 28.07.2011 20:03:07 N/A N/A N/A N/A N/A N/A 25.4 No No 0 0 0 0 0 0 0 0 0 0 0 0 0 0 0 0 0 0 0 0 0 0 0 0 0 3.44 3.60 32 
327 29.07.2011 02:30:48 28.07.2011 22:30:48 966996 -5130372 3651836 35.1533847 -79.3258582 74.39 5.2 3D Yes 0 0 0 0 0 0 0 0 0 0 0 0 0 0 0 0 0 0 0 0 0 0 0 0 0 3.44 3.60 28 
328 29.07.2011 05:01:18 29.07.2011 01:01:18 967191 -5130427 3651729 35.1521282 -79.3238670 86.51 6.6 3D Yes 0 0 0 0 0 0 0 0 0 0 0 0 0 0 0 0 0 0 0 0 0 0 0 0 0 3.44 3.60 26 
329 29.07.2011 07:30:36 29.07.2011 03:30:36 967459 -5130136 3652045 35.1556833 -79.3203849 75.25 2.2 3D Yes 0 0 0 0 0 0 0 0 0 0 0 0 0 0 0 0 0 0 0 0 0 0 0 0 0 3.44 3.60 27 
330 29.07.2011 10:00:47 29.07.2011 06:00:47 967494 -5130118 3652072 35.1559404 -79.3199709 81.64 2.8 3D Yes 0 0 0 0 0 0 0 0 0 0 0 0 0 0 0 0 0 0 0 0 0 0 0 0 0 3.44 3.60 26 
331 29.07.2011 12:31:23 29.07.2011 08:31:23 967432 -5130116 3652120 35.1563639 -79.3206355 98.28 4.2 3D Yes 0 0 0 0 0 0 0 0 0 0 0 0 0 0 0 0 0 0 0 0 0 0 0 0 0 3.44 3.60 29 
332 29.07.2011 15:01:23 29.07.2011 11:01:23 967761 -5130199 3651917 35.1541282 -79.3172561 97.93 2.6 3D Yes 0 0 0 0 0 0 0 0 0 0 0 0 0 0 0 0 0 0 0 0 0 0 0 0 0 3.44 3.60 32 
333 29.07.2011 17:30:55 29.07.2011 13:30:55 967791 -5130194 3651909 35.1540659 -79.3169224 93.85 4.8 3D Yes 0 0 0 0 0 0 0 0 0 0 0 0 0 0 0 0 0 0 0 0 0 0 0 0 0 3.44 3.60 35 
334 29.07.2011 20:00:53 29.07.2011 16:00:53 967445 -5130323 3651832 35.1531734 -79.3209162 100.73 1.8 3D Yes 0 0 0 0 0 0 0 0 0 0 0 0 0 0 0 0 0 0 0 0 0 0 0 0 0 3.44 3.60 39 
335 29.07.2011 22:30:47 29.07.2011 18:30:47 967596 -5130430 3651604 35.1508022 -79.3195054 78.31 2.8 3D Yes 0 0 0 0 0 0 0 0 0 0 0 0 0 0 0 0 0 0 0 0 0 0 0 0 0 3.44 3.60 35 
336 30.07.2011 00:02:17 29.07.2011 20:02:17 967749 -5130418 3651583 35.1505615 -79.3178310 79.77 4.4 3D No 0 0 0 0 0 0 0 0 0 0 0 0 0 0 0 0 0 0 0 0 0 0 0 0 0 3.44 3.60 32 
337 30.07.2011 02:31:12 29.07.2011 22:31:12 967688 -5130176 3651939 35.1544779 -79.3179966 81.05 5.6 3D Yes 0 0 0 0 0 0 0 0 0 0 0 0 0 0 0 0 0 0 0 0 0 0 0 0 0 3.44 3.60 30 
338 30.07.2011 05:01:25 30.07.2011 01:01:25 967661 -5130178 3651952 35.1545894 -79.3182918 86.05 3.4 3D Yes 0 0 0 0 0 0 0 0 0 0 0 0 0 0 0 0 0 0 0 0 0 0 0 0 0 3.44 3.60 27 
339 30.07.2011 07:31:23 30.07.2011 03:31:23 967651 -5130175 3651955 35.1546365 -79.3183936 83.86 2.4 3D Yes 0 0 0 0 0 0 0 0 0 0 0 0 0 0 0 0 0 0 0 0 0 0 0 0 0 3.44 3.60 26 
340 30.07.2011 10:01:24 30.07.2011 06:01:24 967461 -5130128 3652117 35.1562527 -79.3203471 110.58 3.0 3D Yes 0 0 0 0 0 0 0 0 0 0 0 0 0 0 0 0 0 0 0 0 0 0 0 0 0 3.44 3.60 25 
341 30.07.2011 12:30:20 30.07.2011 08:30:20 968882 -5130756 3650794 35.1419327 -79.3063013 68.97 5.4 3D Yes 0 0 0 0 0 0 0 0 0 0 0 0 0 0 0 0 0 0 0 0 0 0 0 0 0 3.44 3.60 30 
342 30.07.2011 15:02:24 30.07.2011 11:02:24 968535 -5130274 3650767 35.1445252 -79.3090618 -386.52 5.0 3D Yes 0 0 0 0 0 0 0 0 0 0 0 0 0 0 0 0 0 0 0 0 0 0 0 0 0 3.44 3.60 35 
343 30.07.2011 17:32:43 30.07.2011 13:32:43 967843 -5130615 3652012 35.1526280 -79.3172181 499.29 11.6 3D No 0 0 0 0 0 0 0 0 0 0 0 0 0 0 0 0 0 0 0 0 0 0 0 0 0 3.44 3.60 35 
344 30.07.2011 20:03:07 30.07.2011 16:03:07 N/A N/A N/A N/A N/A N/A 25.4 No No 0 0 0 0 0 0 0 0 0 0 0 0 0 0 0 0 0 0 0 0 0 0 0 0 0 3.44 3.60 33 
345 30.07.2011 22:31:47 30.07.2011 18:31:47 967923 -5130301 3651709 35.1519193 -79.3157165 84.68 2.4 3D Yes 0 0 0 0 0 0 0 0 0 0 0 0 0 0 0 0 0 0 0 0 0 0 0 0 0 3.44 3.60 31 
346 31.07.2011 00:01:39 30.07.2011 20:01:39 N/A N/A N/A N/A N/A N/A 25.4 No No 0 0 0 0 0 0 0 0 0 0 0 0 0 0 0 0 0 0 0 0 0 0 0 0 0 3.44 3.60 29 
347 31.07.2011 02:30:48 30.07.2011 22:30:48 967926 -5130316 3651729 35.1519873 -79.3157147 108.70 2.4 3D Yes 0 0 0 0 0 0 0 0 0 0 0 0 0 0 0 0 0 0 0 0 0 0 0 0 0 3.44 3.60 28 
348 31.07.2011 05:03:04 31.07.2011 01:03:04 N/A N/A N/A N/A N/A N/A 25.4 No No 0 0 0 0 0 0 0 0 0 0 0 0 0 0 0 0 0 0 0 0 0 0 0 0 0 3.36 3.60 27 
349 31.07.2011 07:33:04 31.07.2011 03:33:04 N/A N/A N/A N/A N/A N/A 25.4 No No 0 0 0 0 0 0 0 0 0 0 0 0 0 0 0 0 0 0 0 0 0 0 0 0 0 3.44 3.60 27 
350 31.07.2011 10:01:36 31.07.2011 06:01:36 N/A N/A N/A N/A N/A N/A 25.4 No No 0 0 0 0 0 0 0 0 0 0 0 0 0 0 0 0 0 0 0 0 0 0 0 0 0 3.36 3.60 27 
351 31.07.2011 12:33:04 31.07.2011 08:33:04 N/A N/A N/A N/A N/A N/A 25.4 No No 0 0 0 0 0 0 0 0 0 0 0 0 0 0 0 0 0 0 0 0 0 0 0 0 0 3.36 3.60 27 
352 31.07.2011 15:03:04 31.07.2011 11:03:04 N/A N/A N/A N/A N/A N/A 25.4 No No 0 0 0 0 0 0 0 0 0 0 0 0 0 0 0 0 0 0 0 0 0 0 0 0 0 3.44 3.60 29 
353 31.07.2011 17:31:42 31.07.2011 13:31:42 967890 -5130265 3651709 35.1521346 -79.3159992 50.75 6.0 3D Yes 0 0 0 0 0 0 0 0 0 0 0 0 0 0 0 0 0 0 0 0 0 0 0 0 0 3.44 3.60 30 
354 31.07.2011 20:00:47 31.07.2011 16:00:47 967493 -5130424 3651597 35.1508803 -79.3206040 53.85 3.8 3D Yes 0 0 0 0 0 0 0 0 0 0 0 0 0 0 0 0 0 0 0 0 0 0 0 0 0 3.44 3.60 30 
355 31.07.2011 22:32:02 31.07.2011 18:32:02 967355 -5130362 3651727 35.1522872 -79.3219662 57.98 3.0 3D No 0 0 0 0 0 0 0 0 0 0 0 0 0 0 0 0 0 0 0 0 0 0 0 0 0 3.44 3.60 31 
356 01.08.2011 00:01:18 31.07.2011 20:01:18 967246 -5130421 3651708 35.1519511 -79.3232616 77.93 4.4 3D Yes 0 0 0 0 0 0 0 0 0 0 0 0 0 0 0 0 0 0 0 0 0 0 0 0 0 3.44 3.60 27 
357 01.08.2011 02:30:46 31.07.2011 22:30:46 967501 -5130500 3651541 35.1500723 -79.3206723 83.89 3.2 3D Yes 0 0 0 0 0 0 0 0 0 0 0 0 0 0 0 0 0 0 0 0 0 0 0 0 0 3.44 3.60 28 
358 01.08.2011 05:00:58 01.08.2011 01:00:58 967511 -5130493 3651550 35.1501647 -79.3205502 84.96 1.8 3D Yes 0 0 0 0 0 0 0 0 0 0 0 0 0 0 0 0 0 0 0 0 0 0 0 0 0 3.44 3.60 26 
359 01.08.2011 07:30:56 01.08.2011 03:30:56 967517 -5130496 3651543 35.1500921 -79.3204916 84.25 2.0 3D Yes 0 0 0 0 0 0 0 0 0 0 0 0 0 0 0 0 0 0 0 0 0 0 0 0 0 3.44 3.60 27 
360 01.08.2011 10:01:11 01.08.2011 06:01:11 967374 -5130412 3651713 35.1519108 -79.3218629 92.97 3.6 3D Yes 0 0 0 0 0 0 0 0 0 0 0 0 0 0 0 0 0 0 0 0 0 0 0 0 0 3.44 3.60 24 
361 01.08.2011 12:31:21 01.08.2011 08:31:21 967332 -5130408 3651695 35.1518389 -79.3223077 73.03 2.2 3D Yes 0 0 0 0 0 0 0 0 0 0 0 0 0 0 0 0 0 0 0 0 0 0 0 0 0 3.44 3.60 25 
362 01.08.2011 15:01:23 01.08.2011 11:01:23 967613 -5130184 3651955 35.1546271 -79.3188217 85.33 3.0 3D Yes 0 0 0 0 0 0 0 0 0 0 0 0 0 0 0 0 0 0 0 0 0 0 0 0 0 3.44 3.60 30 
363 01.08.2011 17:30:57 01.08.2011 13:30:57 967623 -5130192 3651960 35.1546135 -79.3187301 96.15 8.2 3D Yes 0 0 0 0 0 0 0 0 0 0 0 0 0 0 0 0 0 0 0 0 0 0 0 0 0 3.44 3.60 34 
364 01.08.2011 20:01:40 01.08.2011 16:01:40 967625 -5130182 3651959 35.1546552 -79.3186882 87.84 8.8 3D No 0 0 0 0 0 0 0 0 0 0 0 0 0 0 0 0 0 0 0 0 0 0 0 0 0 3.44 3.60 35 
365 01.08.2011 22:30:55 01.08.2011 18:30:55 967469 -5130248 3651887 35.1539381 -79.3205049 75.78 4.8 3D Yes 0 0 0 0 0 0 0 0 0 0 0 0 0 0 0 0 0 0 0 0 0 0 0 0 0 3.44 3.60 34 
366 02.08.2011 00:01:12 01.08.2011 20:01:12 967446 -5130186 3652031 35.1553376 -79.3206268 105.39 2.0 3D Yes 0 0 0 0 0 0 0 0 0 0 0 0 0 0 0 0 0 0 0 0 0 0 0 0 0 3.44 3.60 31 
367 02.08.2011 02:30:48 01.08.2011 22:30:48 967559 -5130038 3652236 35.1574944 -79.3191071 121.65 3.4 3D Yes 0 0 0 0 0 0 0 0 0 0 0 0 0 0 0 0 0 0 0 0 0 0 0 0 0 3.44 3.60 27 
368 02.08.2011 05:00:54 02.08.2011 01:00:54 967886 -5130179 3651849 35.1536088 -79.3158673 61.65 3.8 3D Yes 0 0 0 0 0 0 0 0 0 0 0 0 0 0 0 0 0 0 0 0 0 0 0 0 0 3.44 3.60 25 
369 02.08.2011 07:30:41 02.08.2011 03:30:41 967892 -5130194 3651829 35.1533791 -79.3158332 63.10 4.2 3D Yes 0 0 0 0 0 0 0 0 0 0 0 0 0 0 0 0 0 0 0 0 0 0 0 0 0 3.44 3.60 25 
370 02.08.2011 10:00:44 02.08.2011 06:00:44 967888 -5130190 3651853 35.1535803 -79.3158682 73.10 2.6 3D Yes 0 0 0 0 0 0 0 0 0 0 0 0 0 0 0 0 0 0 0 0 0 0 0 0 0 3.44 3.60 24 
371 02.08.2011 12:31:54 02.08.2011 08:31:54 967523 -5130266 3651844 35.1534775 -79.3199591 73.66 3.4 3D Yes 0 0 0 0 0 0 0 0 0 0 0 0 0 0 0 0 0 0 0 0 0 0 0 0 0 3.44 3.60 25 
372 02.08.2011 15:02:05 02.08.2011 11:02:05 967803 -5130315 3651698 35.1518823 -79.3170391 71.40 2.6 3D Yes 0 0 0 0 0 0 0 0 0 0 0 0 0 0 0 0 0 0 0 0 0 0 0 0 0 3.44 3.60 32 
373 02.08.2011 17:31:24 02.08.2011 13:31:24 967936 -5130267 3651694 35.1519696 -79.3155072 50.69 4.6 3D Yes 0 0 0 0 0 0 0 0 0 0 0 0 0 0 0 0 0 0 0 0 0 0 0 0 0 3.44 3.60 33 
374 02.08.2011 20:00:55 02.08.2011 16:00:55 967904 -5130306 3651682 35.1517131 -79.3159316 70.27 3.8 3D Yes 0 0 0 0 0 0 0 0 0 0 0 0 0 0 0 0 0 0 0 0 0 0 0 0 0 3.44 3.60 35 
375 02.08.2011 22:31:11 02.08.2011 18:31:11 967946 -5130282 3651708 35.1519867 -79.3154298 72.32 3.0 3D Yes 0 0 0 0 0 0 0 0 0 0 0 0 0 0 0 0 0 0 0 0 0 0 0 0 0 3.44 3.60 31 
376 03.08.2011 00:01:24 02.08.2011 20:01:24 967910 -5130288 3651698 35.1519170 -79.3158303 65.93 3.0 3D Yes 0 0 0 0 0 0 0 0 0 0 0 0 0 0 0 0 0 0 0 0 0 0 0 0 0 3.44 3.60 30 
377 03.08.2011 02:30:42 02.08.2011 22:30:42 967879 -5130423 3651511 35.1498803 -79.3164393 62.04 4.6 3D Yes 0 0 0 0 0 0 0 0 0 0 0 0 0 0 0 0 0 0 0 0 0 0 0 0 0 3.44 3.60 26 
378 03.08.2011 05:00:53 03.08.2011 01:00:53 967856 -5130453 3651500 35.1496684 -79.3167483 76.32 3.0 3D Yes 0 0 0 0 0 0 0 0 0 0 0 0 0 0 0 0 0 0 0 0 0 0 0 0 0 3.44 3.60 25 
379 03.08.2011 07:30:48 03.08.2011 03:30:48 967857 -5130467 3651515 35.1497066 -79.3167660 96.36 2.4 3D Yes 0 0 0 0 0 0 0 0 0 0 0 0 0 0 0 0 0 0 0 0 0 0 0 0 0 3.44 3.60 25 
380 03.08.2011 10:01:23 03.08.2011 06:01:23 967736 -5130592 3651328 35.1478074 -79.3183252 70.80 1.8 3D Yes 0 0 0 0 0 0 0 0 0 0 0 0 0 0 0 0 0 0 0 0 0 0 0 0 0 3.44 3.60 24 
381 03.08.2011 12:30:42 03.08.2011 08:30:42 967597 -5130689 3651286 35.1471369 -79.3200214 103.49 2.8 3D Yes 0 0 0 0 0 0 0 0 0 0 0 0 0 0 0 0 0 0 0 0 0 0 0 0 0 3.44 3.60 27 
382 03.08.2011 15:00:55 03.08.2011 11:00:55 967629 -5130559 3651432 35.1488450 -79.3194119 87.94 3.6 3D Yes 0 0 0 0 0 0 0 0 0 0 0 0 0 0 0 0 0 0 0 0 0 0 0 0 0 3.44 3.60 33 
383 03.08.2011 17:30:54 03.08.2011 13:30:54 967621 -5130552 3651432 35.1488884 -79.3194839 81.10 3.0 3D Yes 0 0 0 0 0 0 0 0 0 0 0 0 0 0 0 0 0 0 0 0 0 0 0 0 0 3.44 3.60 39 
384 03.08.2011 20:01:18 03.08.2011 16:01:18 967509 -5130495 3651540 35.1500827 -79.3205758 80.51 4.4 3D Yes 0 0 0 0 0 0 0 0 0 0 0 0 0 0 0 0 0 0 0 0 0 0 0 0 0 3.44 3.60 39 
385 03.08.2011 22:30:42 03.08.2011 18:30:42 967645 -5130521 3651491 35.1494582 -79.3191621 93.80 2.8 3D Yes 0 0 0 0 0 0 0 0 0 0 0 0 0 0 0 0 0 0 0 0 0 0 0 0 0 3.44 3.60 36 
386 04.08.2011 00:01:47 03.08.2011 20:01:47 967604 -5130513 3651437 35.1491405 -79.3195879 50.07 3.4 3D Yes 0 0 0 0 0 0 0 0 0 0 0 0 0 0 0 0 0 0 0 0 0 0 0 0 0 3.44 3.60 32 
387 04.08.2011 02:30:53 03.08.2011 22:30:53 967574 -5130494 3651515 35.1498411 -79.3198728 75.16 3.8 3D Yes 0 0 0 0 0 0 0 0 0 0 0 0 0 0 0 0 0 0 0 0 0 0 0 0 0 3.44 3.60 30 
388 04.08.2011 05:00:57 04.08.2011 01:00:57 967586 -5130477 3651514 35.1499089 -79.3197088 62.74 5.4 3D Yes 0 0 0 0 0 0 0 0 0 0 0 0 0 0 0 0 0 0 0 0 0 0 0 0 0 3.44 3.60 29 
389 04.08.2011 07:30:44 04.08.2011 03:30:44 967596 -5130482 3651527 35.1499696 -79.3196112 75.76 3.6 3D Yes 0 0 0 0 0 0 0 0 0 0 0 0 0 0 0 0 0 0 0 0 0 0 0 0 0 3.44 3.60 27 
390 04.08.2011 10:00:44 04.08.2011 06:00:44 967581 -5130494 3651538 35.1500039 -79.3197973 89.46 3.2 3D Yes 0 0 0 0 0 0 0 0 0 0 0 0 0 0 0 0 0 0 0 0 0 0 0 0 0 3.44 3.60 26 
391 04.08.2011 12:31:27 04.08.2011 08:31:27 967493 -5130386 3651705 35.1518700 -79.3205267 85.50 2.6 3D Yes 0 0 0 0 0 0 0 0 0 0 0 0 0 0 0 0 0 0 0 0 0 0 0 0 0 3.44 3.60 28 
392 04.08.2011 15:01:45 04.08.2011 11:01:45 967320 -5130240 3651961 35.1546675 -79.3220955 89.38 3.6 3D No 0 0 0 0 0 0 0 0 0 0 0 0 0 0 0 0 0 0 0 0 0 0 0 0 0 3.44 3.60 34 
393 04.08.2011 17:30:48 04.08.2011 13:30:48 967415 -5130160 3652023 35.1554411 -79.3209083 75.20 6.0 3D Yes 0 0 0 0 0 0 0 0 0 0 0 0 0 0 0 0 0 0 0 0 0 0 0 0 0 3.44 3.60 37 
394 04.08.2011 20:01:24 04.08.2011 16:01:24 967426 -5130076 3652137 35.1566990 -79.3206188 75.02 4.4 3D Yes 0 0 0 0 0 0 0 0 0 0 0 0 0 0 0 0 0 0 0 0 0 0 0 0 0 3.44 3.60 38 
395 04.08.2011 22:30:50 04.08.2011 18:30:50 967622 -5130048 3652148 35.1567343 -79.3184480 88.56 2.6 3D Yes 0 0 0 0 0 0 0 0 0 0 0 0 0 0 0 0 0 0 0 0 0 0 0 0 0 3.44 3.60 38 
396 05.08.2011 00:01:18 04.08.2011 20:01:18 967689 -5129964 3652221 35.1576363 -79.3175545 73.26 3.8 3D Yes 0 0 0 0 0 0 0 0 0 0 0 0 0 0 0 0 0 0 0 0 0 0 0 0 0 3.44 3.60 33 
397 05.08.2011 02:30:43 04.08.2011 22:30:43 967862 -5130159 3651840 35.1536676 -79.3160855 36.77 2.6 3D Yes 0 0 0 0 0 0 0 0 0 0 0 0 0 0 0 0 0 0 0 0 0 0 0 0 0 3.44 3.60 29 
398 05.08.2011 05:01:17 05.08.2011 01:01:17 967845 -5130166 3651857 35.1537735 -79.3162831 49.60 2.8 3D Yes 0 0 0 0 0 0 0 0 0 0 0 0 0 0 0 0 0 0 0 0 0 0 0 0 0 3.44 3.60 28 
399 05.08.2011 07:31:04 05.08.2011 03:31:04 967849 -5130135 3651875 35.1540604 -79.3161768 35.67 3.6 3D Yes 0 0 0 0 0 0 0 0 0 0 0 0 0 0 0 0 0 0 0 0 0 0 0 0 0 3.44 3.60 29 
400 05.08.2011 10:01:14 05.08.2011 06:01:14 967357 -5130223 3651985 35.1548955 -79.3216619 95.15 4.0 3D Yes 0 0 0 0 0 0 0 0 0 0 0 0 0 0 0 0 0 0 0 0 0 0 0 0 0 3.44 3.60 28 
401 05.08.2011 12:30:47 05.08.2011 08:30:47 967297 -5130226 3651993 35.1549969 -79.3223151 93.08 3.4 3D Yes 0 0 0 0 0 0 0 0 0 0 0 0 0 0 0 0 0 0 0 0 0 0 0 0 0 3.44 3.60 29 
402 05.08.2011 15:01:01 05.08.2011 11:01:01 967284 -5130188 3652044 35.1555790 -79.3223781 89.94 2.8 3D Yes 0 0 0 0 0 0 0 0 0 0 0 0 0 0 0 0 0 0 0 0 0 0 0 0 0 3.44 3.60 30 
403 05.08.2011 17:31:04 05.08.2011 13:31:04 967375 -5130270 3651938 35.1542921 -79.3215634 108.57 3.4 3D Yes 0 0 0 0 0 0 0 0 0 0 0 0 0 0 0 0 0 0 0 0 0 0 0 0 0 3.44 3.60 34 
404 05.08.2011 20:01:12 05.08.2011 16:01:12 967451 -5130441 3651608 35.1509150 -79.3210915 67.48 3.8 3D Yes 0 0 0 0 0 0 0 0 0 0 0 0 0 0 0 0 0 0 0 0 0 0 0 0 0 3.44 3.60 29 
405 05.08.2011 22:30:42 05.08.2011 18:30:42 967472 -5130430 3651616 35.1510099 -79.3208427 66.43 4.4 3D Yes 0 0 0 0 0 0 0 0 0 0 0 0 0 0 0 0 0 0 0 0 0 0 0 0 0 3.44 3.60 29 
406 06.08.2011 00:01:05 05.08.2011 20:01:05 967349 -5130485 3651610 35.1508035 -79.3222810 88.53 1.8 3D Yes 0 0 0 0 0 0 0 0 0 0 0 0 0 0 0 0 0 0 0 0 0 0 0 0 0 3.44 3.60 28 
407 06.08.2011 02:30:41 05.08.2011 22:30:41 967207 -5130407 3651749 35.1523622 -79.3236538 84.38 3.6 3D Yes 0 0 0 0 0 0 0 0 0 0 0 0 0 0 0 0 0 0 0 0 0 0 0 0 0 3.44 3.60 26 
408 06.08.2011 05:00:54 06.08.2011 01:00:54 967491 -5130438 3651634 35.1510835 -79.3206540 86.10 2.6 3D Yes 0 0 0 0 0 0 0 0 0 0 0 0 0 0 0 0 0 0 0 0 0 0 0 0 0 3.44 3.60 28 
409 06.08.2011 07:30:54 06.08.2011 03:30:54 967483 -5130440 3651638 35.1511105 -79.3207444 88.80 2.8 3D Yes 0 0 0 0 0 0 0 0 0 0 0 0 0 0 0 0 0 0 0 0 0 0 0 0 0 3.44 3.60 28 
410 06.08.2011 10:01:53 06.08.2011 06:01:53 967446 -5130493 3651572 35.1503894 -79.3212512 87.78 4.0 3D Yes 0 0 0 0 0 0 0 0 0 0 0 0 0 0 0 0 0 0 0 0 0 0 0 0 0 3.44 3.60 26 
411 06.08.2011 12:31:24 06.08.2011 08:31:24 967532 -5130588 3651429 35.1487683 -79.3205169 94.81 2.6 3D Yes 0 0 0 0 0 0 0 0 0 0 0 0 0 0 0 0 0 0 0 0 0 0 0 0 0 3.44 3.60 27 
412 06.08.2011 15:01:42 06.08.2011 11:01:42 967450 -5130495 3651547 35.1501911 -79.3212121 75.60 3.0 3D Yes 0 0 0 0 0 0 0 0 0 0 0 0 0 0 0 0 0 0 0 0 0 0 0 0 0 3.44 3.60 31 
413 06.08.2011 17:30:51 06.08.2011 13:30:51 967580 -5130416 3651627 35.1510585 -79.3196495 77.88 2.6 3D Yes 0 0 0 0 0 0 0 0 0 0 0 0 0 0 0 0 0 0 0 0 0 0 0 0 0 3.44 3.60 33 
414 06.08.2011 20:00:44 06.08.2011 16:00:44 967350 -5130182 3652047 35.1555682 -79.3216540 96.85 5.4 3D Yes 0 0 0 0 0 0 0 0 0 0 0 0 0 0 0 0 0 0 0 0 0 0 0 0 0 3.44 3.60 35 
415 06.08.2011 22:30:57 06.08.2011 18:30:57 967446 -5130078 3652148 35.1567506 -79.3204072 85.99 2.6 3D Yes 0 0 0 0 0 0 0 0 0 0 0 0 0 0 0 0 0 0 0 0 0 0 0 0 0 3.44 3.60 34 
416 07.08.2011 00:01:17 06.08.2011 20:01:17 967682 -5129990 3652212 35.1574441 -79.3176829 87.90 5.8 3D Yes 0 0 0 0 0 0 0 0 0 0 0 0 0 0 0 0 0 0 0 0 0 0 0 0 0 3.44 3.60 31 
417 07.08.2011 02:30:47 06.08.2011 22:30:47 967518 -5130088 3652111 35.1563577 -79.3196510 83.63 3.6 3D Yes 0 0 0 0 0 0 0 0 0 0 0 0 0 0 0 0 0 0 0 0 0 0 0 0 0 3.44 3.60 29 
418 07.08.2011 05:00:56 07.08.2011 01:00:56 967605 -5130074 3652057 35.1559475 -79.3186842 54.47 4.8 3D Yes 0 0 0 0 0 0 0 0 0 0 0 0 0 0 0 0 0 0 0 0 0 0 0 0 0 3.44 3.60 28 
419 07.08.2011 07:31:09 07.08.2011 03:31:09 967575 -5130170 3651935 35.1545877 -79.3192031 56.81 8.6 3D Yes 0 0 0 0 0 0 0 0 0 0 0 0 0 0 0 0 0 0 0 0 0 0 0 0 0 3.44 3.60 26 
420 07.08.2011 10:00:41 07.08.2011 06:00:41 967581 -5130212 3651946 35.1544488 -79.3192238 97.79 3.2 3D Yes 0 0 0 0 0 0 0 0 0 0 0 0 0 0 0 0 0 0 0 0 0 0 0 0 0 3.44 3.60 28 
421 07.08.2011 12:31:28 07.08.2011 08:31:28 967280 -5130254 3651990 35.1548483 -79.3225554 111.27 2.6 3D Yes 0 0 0 0 0 0 0 0 0 0 0 0 0 0 0 0 0 0 0 0 0 0 0 0 0 3.44 3.60 26 
422 07.08.2011 15:00:50 07.08.2011 11:00:50 967665 -5130511 3651463 35.1492836 -79.3189261 72.67 2.8 3D Yes 0 0 0 0 0 0 0 0 0 0 0 0 0 0 0 0 0 0 0 0 0 0 0 0 0 3.44 3.60 32 
423 07.08.2011 17:30:41 07.08.2011 13:30:41 967711 -5130175 3651904 35.1542029 -79.3177465 63.58 5.0 3D Yes 0 0 0 0 0 0 0 0 0 0 0 0 0 0 0 0 0 0 0 0 0 0 0 0 0 3.44 3.60 35 
424 07.08.2011 20:01:51 07.08.2011 16:01:51 967670 -5130051 3652085 35.1562086 -79.3179364 61.96 2.0 3D Yes 0 0 0 0 0 0 0 0 0 0 0 0 0 0 0 0 0 0 0 0 0 0 0 0 0 3.44 3.60 38 
425 07.08.2011 22:30:30 07.08.2011 18:30:30 967631 -5129987 3652209 35.1574863 -79.3182268 76.04 1.8 3D Yes 0 0 0 0 0 0 0 0 0 0 0 0 0 0 0 0 0 0 0 0 0 0 0 0 0 3.44 3.60 37 
426 08.08.2011 00:01:11 07.08.2011 20:01:11 967666 -5129986 3652198 35.1573767 -79.3178473 74.20 3.0 3D Yes 0 0 0 0 0 0 0 0 0 0 0 0 0 0 0 0 0 0 0 0 0 0 0 0 0 3.44 3.60 34 
427 08.08.2011 02:30:41 07.08.2011 22:30:41 967601 -5130154 3651991 35.1550569 -79.3188901 80.14 3.4 3D Yes 0 0 0 0 0 0 0 0 0 0 0 0 0 0 0 0 0 0 0 0 0 0 0 0 0 3.44 3.60 26 
428 08.08.2011 05:00:48 08.08.2011 01:00:48 967584 -5130189 3651932 35.1544600 -79.3191446 71.71 4.6 3D Yes 0 0 0 0 0 0 0 0 0 0 0 0 0 0 0 0 0 0 0 0 0 0 0 0 0 3.44 3.60 25 
429 08.08.2011 07:30:25 08.08.2011 03:30:25 967453 -5130352 3651807 35.1528335 -79.3208889 110.85 2.2 3D Yes 0 0 0 0 0 0 0 0 0 0 0 0 0 0 0 0 0 0 0 0 0 0 0 0 0 3.44 3.60 25 
430 08.08.2011 10:00:54 08.08.2011 06:00:54 967515 -5130486 3651543 35.1501450 -79.3204928 75.91 5.0 3D Yes 0 0 0 0 0 0 0 0 0 0 0 0 0 0 0 0 0 0 0 0 0 0 0 0 0 3.44 3.60 25 
431 08.08.2011 12:30:58 08.08.2011 08:30:58 967500 -5130508 3651531 35.1499588 -79.3206993 84.41 2.4 3D Yes 0 0 0 0 0 0 0 0 0 0 0 0 0 0 0 0 0 0 0 0 0 0 0 0 0 3.44 3.60 28 
432 08.08.2011 15:00:55 08.08.2011 11:00:55 967266 -5130194 3652054 35.1556394 -79.3225844 97.79 4.8 3D Yes 0 0 0 0 0 0 0 0 0 0 0 0 0 0 0 0 0 0 0 0 0 0 0 0 0 3.44 3.60 32 
433 08.08.2011 17:30:41 08.08.2011 13:30:41 967479 -5130114 3652056 35.1558573 -79.3201245 66.94 9.0 3D Yes 0 0 0 0 0 0 0 0 0 0 0 0 0 0 0 0 0 0 0 0 0 0 0 0 0 3.44 3.60 36 
434 08.08.2011 20:00:53 08.08.2011 16:00:53 967606 -5130180 3651929 35.1544626 -79.3188891 66.08 3.6 3D Yes 0 0 0 0 0 0 0 0 0 0 0 0 0 0 0 0 0 0 0 0 0 0 0 0 0 3.44 3.60 35 
435 08.08.2011 22:31:04 08.08.2011 18:31:04 967611 -5130201 3651954 35.1545350 -79.3188779 98.11 3.0 3D Yes 0 0 0 0 0 0 0 0 0 0 0 0 0 0 0 0 0 0 0 0 0 0 0 0 0 3.44 3.60 34 
436 09.08.2011 00:00:53 08.08.2011 20:00:53 967449 -5130124 3652103 35.1561815 -79.3204684 97.49 3.8 3D Yes 0 0 0 0 0 0 0 0 0 0 0 0 0 0 0 0 0 0 0 0 0 0 0 0 0 3.44 3.60 31 
437 09.08.2011 02:32:12 08.08.2011 22:32:12 966852 -5130365 3651919 35.1541704 -79.3273970 94.75 2.6 2D No 0 0 0 0 0 0 0 0 0 0 0 0 0 0 0 0 0 0 0 0 0 0 0 0 0 3.44 3.60 29 
438 09.08.2011 05:00:49 09.08.2011 01:00:49 967195 -5130370 3651771 35.1527245 -79.3237080 65.50 2.2 3D Yes 0 0 0 0 0 0 0 0 0 0 0 0 0 0 0 0 0 0 0 0 0 0 0 0 0 3.44 3.60 28 
439 09.08.2011 07:30:48 09.08.2011 03:30:48 967308 -5130142 3652057 35.1558863 -79.3220257 64.10 1.8 3D Yes 0 0 0 0 0 0 0 0 0 0 0 0 0 0 0 0 0 0 0 0 0 0 0 0 0 3.44 3.60 26 
440 09.08.2011 10:00:54 09.08.2011 06:00:54 967336 -5130152 3652063 35.1558526 -79.3217440 79.83 3.6 3D Yes 0 0 0 0 0 0 0 0 0 0 0 0 0 0 0 0 0 0 0 0 0 0 0 0 0 3.44 3.60 25 
441 09.08.2011 12:32:47 09.08.2011 08:32:47 967347 -5130169 3652034 35.1555416 -79.3216600 78.46 4.2 3D No 0 0 0 0 0 0 0 0 0 0 0 0 0 0 0 0 0 0 0 0 0 0 0 0 0 3.44 3.60 27 
442 09.08.2011 15:01:18 09.08.2011 11:01:18 967813 -5130158 3651896 35.1541325 -79.3166119 60.78 3.2 3D Yes 0 0 0 0 0 0 0 0 0 0 0 0 0 0 0 0 0 0 0 0 0 0 0 0 0 3.44 3.60 32 
443 09.08.2011 17:30:53 09.08.2011 13:30:53 967833 -5130165 3651871 35.1538933 -79.3164104 55.04 9.2 3D Yes 0 0 0 0 0 0 0 0 0 0 0 0 0 0 0 0 0 0 0 0 0 0 0 0 0 3.44 3.60 35 
444 09.08.2011 20:01:52 09.08.2011 16:01:52 967680 -5130255 3651781 35.1529183 -79.3182436 52.34 6.2 3D Yes 0 0 0 0 0 0 0 0 0 0 0 0 0 0 0 0 0 0 0 0 0 0 0 0 0 3.44 3.60 36 
445 09.08.2011 22:31:08 09.08.2011 18:31:08 967719 -5130319 3651725 35.1521417 -79.3179532 77.43 2.4 3D Yes 0 0 0 0 0 0 0 0 0 0 0 0 0 0 0 0 0 0 0 0 0 0 0 0 0 3.44 3.60 35 
446 10.08.2011 00:01:49 09.08.2011 20:01:49 967307 -5130487 3651562 35.1504799 -79.3227380 56.14 6.8 3D No 0 0 0 0 0 0 0 0 0 0 0 0 0 0 0 0 0 0 0 0 0 0 0 0 0 3.44 3.60 30 
447 10.08.2011 02:30:51 09.08.2011 22:30:51 967553 -5130475 3651539 35.1501350 -79.3200607 70.53 3.6 3D Yes 0 0 0 0 0 0 0 0 0 0 0 0 0 0 0 0 0 0 0 0 0 0 0 0 0 3.44 3.60 29 
448 10.08.2011 05:01:24 10.08.2011 01:01:24 967593 -5130465 3651518 35.1499928 -79.3196089 56.47 2.8 3D Yes 0 0 0 0 0 0 0 0 0 0 0 0 0 0 0 0 0 0 0 0 0 0 0 0 0 3.44 3.60 28 
449 10.08.2011 07:31:39 10.08.2011 03:31:39 967681 -5130395 3651587 35.1507736 -79.3185176 53.28 18.2 3D No 0 0 0 0 0 0 0 0 0 0 0 0 0 0 0 0 0 0 0 0 0 0 0 0 0 3.44 3.60 25 
450 10.08.2011 10:01:54 10.08.2011 06:01:54 967674 -5130469 3651564 35.1502335 -79.3187436 98.44 4.8 3D Yes 0 0 0 0 0 0 0 0 0 0 0 0 0 0 0 0 0 0 0 0 0 0 0 0 0 3.44 3.60 25 
451 10.08.2011 12:30:54 10.08.2011 08:30:54 967529 -5130498 3651546 35.1500924 -79.3203663 89.40 3.8 3D Yes 0 0 0 0 0 0 0 0 0 0 0 0 0 0 0 0 0 0 0 0 0 0 0 0 0 3.44 3.60 26 
452 10.08.2011 15:03:10 10.08.2011 11:03:10 N/A N/A N/A N/A N/A N/A 25.4 No No 0 0 0 0 0 0 0 0 0 0 0 0 0 0 0 0 0 0 0 0 0 0 0 0 0 3.44 3.60 32 
453 10.08.2011 17:30:49 10.08.2011 13:30:49 967999 -5130765 3651067 35.1447487 -79.3158410 99.42 3.0 3D Yes 0 0 0 0 0 0 0 0 0 0 0 0 0 0 0 0 0 0 0 0 0 0 0 0 0 3.44 3.60 35 
454 10.08.2011 20:01:12 10.08.2011 16:01:12 968052 -5130755 3651066 35.1447413 -79.3152491 98.85 4.0 3D Yes 0 0 0 0 0 0 0 0 0 0 0 0 0 0 0 0 0 0 0 0 0 0 0 0 0 3.44 3.60 36 
455 10.08.2011 22:30:48 10.08.2011 18:30:48 967629 -5130762 3651167 35.1458569 -79.3198248 98.50 1.6 3D Yes 0 0 0 0 0 0 0 0 0 0 0 0 0 0 0 0 0 0 0 0 0 0 0 0 0 3.44 3.60 35 
456 11.08.2011 00:00:53 10.08.2011 20:00:53 967636 -5130588 3651384 35.1483367 -79.3193954 84.67 2.4 3D Yes 0 0 0 0 0 0 0 0 0 0 0 0 0 0 0 0 0 0 0 0 0 0 0 0 0 3.44 3.60 29 
457 11.08.2011 02:30:32 10.08.2011 22:30:32 967532 -5130492 3651530 35.1500022 -79.3203217 75.83 8.8 3D Yes 0 0 0 0 0 0 0 0 0 0 0 0 0 0 0 0 0 0 0 0 0 0 0 0 0 3.44 3.60 27 
458 11.08.2011 05:00:54 11.08.2011 01:00:54 967610 -5130429 3651428 35.1494967 -79.3193524 -21.70 7.6 3D Yes 0 0 0 0 0 0 0 0 0 0 0 0 0 0 0 0 0 0 0 0 0 0 0 0 0 3.44 3.60 24 
459 11.08.2011 07:31:42 11.08.2011 03:31:42 967848 -5130377 3651436 35.1495919 -79.3166800 -22.80 3.6 3D Yes 0 0 0 0 0 0 0 0 0 0 0 0 0 0 0 0 0 0 0 0 0 0 0 0 0 3.44 3.60 23 
460 11.08.2011 10:02:47 11.08.2011 06:02:47 967595 -5129974 3652069 35.1565556 -79.3185887 -20.48 8.6 3D Yes 0 0 0 0 0 0 0 0 0 0 0 0 0 0 0 0 0 0 0 0 0 0 0 0 0 3.36 3.60 23 
461 11.08.2011 12:31:23 11.08.2011 08:31:23 967704 -5129958 3652201 35.1575050 -79.3173805 59.19 3.2 3D Yes 0 0 0 0 0 0 0 0 0 0 0 0 0 0 0 0 0 0 0 0 0 0 0 0 0 3.44 3.60 27 
462 11.08.2011 15:01:06 11.08.2011 11:01:06 967663 -5130101 3652018 35.1554666 -79.3181136 62.50 3.0 3D Yes 0 0 0 0 0 0 0 0 0 0 0 0 0 0 0 0 0 0 0 0 0 0 0 0 0 3.44 3.60 31 
463 11.08.2011 17:30:43 11.08.2011 13:30:43 967636 -5130180 3651943 35.1545370 -79.3185655 78.69 2.2 3D Yes 0 0 0 0 0 0 0 0 0 0 0 0 0 0 0 0 0 0 0 0 0 0 0 0 0 3.44 3.60 35 
464 11.08.2011 20:01:48 11.08.2011 16:01:48 967755 -5130199 3651944 35.1543329 -79.3173208 112.57 6.4 3D Yes 0 0 0 0 0 0 0 0 0 0 0 0 0 0 0 0 0 0 0 0 0 0 0 0 0 3.44 3.60 35 
465 11.08.2011 22:32:12 11.08.2011 18:32:12 967730 -5130089 3652104 35.1560971 -79.3173666 112.53 5.6 2D No 0 0 0 0 0 0 0 0 0 0 0 0 0 0 0 0 0 0 0 0 0 0 0 0 0 3.44 3.60 34 
466 12.08.2011 00:01:05 11.08.2011 20:01:05 967636 -5129970 3652217 35.1576272 -79.3181383 67.74 2.4 3D Yes 0 0 0 0 0 0 0 0 0 0 0 0 0 0 0 0 0 0 0 0 0 0 0 0 0 3.44 3.60 30 
467 12.08.2011 02:30:24 11.08.2011 22:30:24 967658 -5130431 3651597 35.1506859 -79.3188388 84.48 3.6 3D Yes 0 0 0 0 0 0 0 0 0 0 0 0 0 0 0 0 0 0 0 0 0 0 0 0 0 3.44 3.60 29 
468 12.08.2011 05:01:40 12.08.2011 01:01:40 967714 -5130431 3651606 35.1506984 -79.3182349 98.15 5.4 3D No 0 0 0 0 0 0 0 0 0 0 0 0 0 0 0 0 0 0 0 0 0 0 0 0 0 3.44 3.60 26 
469 12.08.2011 07:31:18 12.08.2011 03:31:18 967634 -5130453 3651600 35.1506189 -79.3191424 100.25 2.8 3D Yes 0 0 0 0 0 0 0 0 0 0 0 0 0 0 0 0 0 0 0 0 0 0 0 0 0 3.44 3.60 24 
470 12.08.2011 10:01:17 12.08.2011 06:01:17 967625 -5130447 3651603 35.1506803 -79.3192272 95.79 3.2 3D Yes 0 0 0 0 0 0 0 0 0 0 0 0 0 0 0 0 0 0 0 0 0 0 0 0 0 3.44 3.60 23 
471 12.08.2011 12:30:54 12.08.2011 08:30:54 967628 -5130434 3651614 35.1508247 -79.3191685 92.13 3.4 3D Yes 0 0 0 0 0 0 0 0 0 0 0 0 0 0 0 0 0 0 0 0 0 0 0 0 0 3.44 3.60 26 
472 12.08.2011 15:00:47 12.08.2011 11:00:47 967609 -5131145 3650607 35.1397959 -79.3208193 80.88 2.6 3D Yes 0 0 0 0 0 0 0 0 0 0 0 0 0 0 0 0 0 0 0 0 0 0 0 0 0 3.44 3.60 32 
473 12.08.2011 17:30:22 12.08.2011 13:30:22 967638 -5131181 3650588 35.1394444 -79.3205798 103.27 4.6 3D Yes 0 0 0 0 0 0 0 0 0 0 0 0 0 0 0 0 0 0 0 0 0 0 0 0 0 3.44 3.60 37 
474 12.08.2011 20:01:42 12.08.2011 16:01:42 967609 -5131136 3650641 35.1400924 -79.3208010 93.22 3.2 3D Yes 0 0 0 0 0 0 0 0 0 0 0 0 0 0 0 0 0 0 0 0 0 0 0 0 0 3.44 3.60 32 
475 12.08.2011 22:30:53 12.08.2011 18:30:53 967626 -5131122 3650624 35.1400221 -79.3205892 74.76 3.6 3D Yes 0 0 0 0 0 0 0 0 0 0 0 0 0 0 0 0 0 0 0 0 0 0 0 0 0 3.44 3.60 29 
476 16.08.2011 15:01:09 16.08.2011 11:01:09 967676 -5130181 3651941 35.1544786 -79.3181362 84.40 2.2 3D Yes 0 0 0 0 0 0 0 0 0 0 0 0 0 0 0 0 0 0 0 0 0 0 0 0 0 3.44 3.60 28 
477 16.08.2011 17:30:53 16.08.2011 13:30:53 967689 -5130081 3652072 35.1559415 -79.3177925 81.46 3.0 3D Yes 0 0 0 0 0 0 0 0 0 0 0 0 0 0 0 0 0 0 0 0 0 0 0 0 0 3.44 3.60 35 
478 16.08.2011 20:01:18 16.08.2011 16:01:18 967594 -5130115 3652042 35.1556384 -79.3188863 77.11 6.2 3D Yes 0 0 0 0 0 0 0 0 0 0 0 0 0 0 0 0 0 0 0 0 0 0 0 0 0 3.44 3.60 36 
479 16.08.2011 22:30:53 16.08.2011 18:30:53 967615 -5130036 3652169 35.1569570 -79.3184991 89.95 1.6 3D Yes 0 0 0 0 0 0 0 0 0 0 0 0 0 0 0 0 0 0 0 0 0 0 0 0 0 3.44 3.60 32 
480 17.08.2011 00:00:51 16.08.2011 20:00:51 967439 -5130085 3652144 35.1566922 -79.3204969 88.25 2.8 3D Yes 0 0 0 0 0 0 0 0 0 0 0 0 0 0 0 0 0 0 0 0 0 0 0 0 0 3.44 3.60 28 
481 17.08.2011 02:31:03 16.08.2011 22:31:03 967417 -5130243 3651926 35.1543010 -79.3210555 86.34 4.0 3D Yes 0 0 0 0 0 0 0 0 0 0 0 0 0 0 0 0 0 0 0 0 0 0 0 0 0 3.44 3.60 24 
482 17.08.2011 05:00:53 17.08.2011 01:00:53 967409 -5130232 3651906 35.1542174 -79.3211194 64.77 2.4 3D Yes 0 0 0 0 0 0 0 0 0 0 0 0 0 0 0 0 0 0 0 0 0 0 0 0 0 3.44 3.60 23 
483 17.08.2011 07:31:41 17.08.2011 03:31:41 967236 -5130356 3651785 35.1528597 -79.3232373 68.52 4.2 3D Yes 0 0 0 0 0 0 0 0 0 0 0 0 0 0 0 0 0 0 0 0 0 0 0 0 0 3.36 3.60 20 
484 17.08.2011 10:01:23 17.08.2011 06:01:23 967765 -5129992 3652197 35.1572435 -79.3167918 93.45 6.6 3D Yes 0 0 0 0 0 0 0 0 0 0 0 0 0 0 0 0 0 0 0 0 0 0 0 0 0 3.36 3.60 19 
485 17.08.2011 12:31:54 17.08.2011 08:31:54 967742 -5130057 3652101 35.1562266 -79.3171721 86.91 2.8 3D Yes 0 0 0 0 0 0 0 0 0 0 0 0 0 0 0 0 0 0 0 0 0 0 0 0 0 3.44 3.60 22 
486 17.08.2011 15:00:48 17.08.2011 11:00:48 967722 -5130395 3651652 35.1512132 -79.3180754 96.92 2.0 3D Yes 0 0 0 0 0 0 0 0 0 0 0 0 0 0 0 0 0 0 0 0 0 0 0 0 0 3.44 3.60 30 
487 17.08.2011 17:30:57 17.08.2011 13:30:57 967345 -5130199 3652008 35.1551989 -79.3217425 87.29 3.8 3D Yes 0 0 0 0 0 0 0 0 0 0 0 0 0 0 0 0 0 0 0 0 0 0 0 0 0 3.44 3.60 34 
488 17.08.2011 20:01:48 17.08.2011 16:01:48 967336 -5130319 3651846 35.1534018 -79.3220836 89.06 6.0 3D Yes 0 0 0 0 0 0 0 0 0 0 0 0 0 0 0 0 0 0 0 0 0 0 0 0 0 3.44 3.60 34 
489 17.08.2011 22:31:51 17.08.2011 18:31:51 967413 -5130363 3651764 35.1524990 -79.3213427 88.87 2.6 2D No 0 0 0 0 0 0 0 0 0 0 0 0 0 0 0 0 0 0 0 0 0 0 0 0 0 3.44 3.60 33 
490 18.08.2011 00:00:53 17.08.2011 20:00:53 967371 -5130163 3652068 35.1557997 -79.3213889 96.85 1.6 3D Yes 0 0 0 0 0 0 0 0 0 0 0 0 0 0 0 0 0 0 0 0 0 0 0 0 0 3.44 3.60 28 
491 18.08.2011 02:31:03 17.08.2011 22:31:03 966906 -5130414 3651928 35.1539350 -79.3269142 147.48 3.4 3D Yes 0 0 0 0 0 0 0 0 0 0 0 0 0 0 0 0 0 0 0 0 0 0 0 0 0 3.44 3.60 26 
492 18.08.2011 05:01:47 18.08.2011 01:01:47 967596 -5130135 3652035 35.1554829 -79.3189054 89.45 5.4 3D No 0 0 0 0 0 0 0 0 0 0 0 0 0 0 0 0 0 0 0 0 0 0 0 0 0 3.44 3.60 22 
493 18.08.2011 07:31:17 18.08.2011 03:31:17 967488 -5130057 3652173 35.1570016 -79.3199115 89.88 4.0 3D Yes 0 0 0 0 0 0 0 0 0 0 0 0 0 0 0 0 0 0 0 0 0 0 0 0 0 3.44 3.60 21 
494 18.08.2011 10:00:55 18.08.2011 06:00:55 967663 -5129985 3652213 35.1574952 -79.3178776 81.58 2.0 3D Yes 0 0 0 0 0 0 0 0 0 0 0 0 0 0 0 0 0 0 0 0 0 0 0 0 0 3.44 3.60 22 
495 18.08.2011 12:31:58 18.08.2011 08:31:58 967805 -5130050 3652113 35.1562902 -79.3164784 97.74 2.4 3D Yes 0 0 0 0 0 0 0 0 0 0 0 0 0 0 0 0 0 0 0 0 0 0 0 0 0 3.44 3.60 25 
496 18.08.2011 15:00:54 18.08.2011 11:00:54 967483 -5130146 3652023 35.1554471 -79.3201464 74.25 2.4 3D Yes 0 0 0 0 0 0 0 0 0 0 0 0 0 0 0 0 0 0 0 0 0 0 0 0 0 3.44 3.60 31 
497 18.08.2011 17:30:54 18.08.2011 13:30:54 967803 -5130183 3651843 35.1536240 -79.3167706 48.83 5.8 3D Yes 0 0 0 0 0 0 0 0 0 0 0 0 0 0 0 0 0 0 0 0 0 0 0 0 0 3.44 3.60 32 
498 18.08.2011 20:01:12 18.08.2011 16:01:12 967748 -5130098 3652003 35.1552896 -79.3171908 64.33 3.2 3D Yes 0 0 0 0 0 0 0 0 0 0 0 0 0 0 0 0 0 0 0 0 0 0 0 0 0 3.44 3.60 34 
499 18.08.2011 22:31:24 18.08.2011 18:31:24 967804 -5130086 3652013 35.1553706 -79.3165625 68.94 2.8 3D Yes 0 0 0 0 0 0 0 0 0 0 0 0 0 0 0 0 0 0 0 0 0 0 0 0 0 3.44 3.60 33 
500 19.08.2011 00:00:55 18.08.2011 20:00:55 967740 -5130290 3651718 35.1522178 -79.3176677 53.28 4.2 3D Yes 0 0 0 0 0 0 0 0 0 0 0 0 0 0 0 0 0 0 0 0 0 0 0 0 0 3.44 3.60 29 
501 19.08.2011 02:31:45 18.08.2011 22:31:45 967300 -5130270 3651875 35.1539000 -79.3223722 60.94 8.6 3D No 0 0 0 0 0 0 0 0 0 0 0 0 0 0 0 0 0 0 0 0 0 0 0 0 0 3.44 3.60 27 
502 19.08.2011 05:02:11 19.08.2011 01:02:11 967397 -5130227 3651908 35.1542692 -79.3212387 60.09 2.4 3D Yes 0 0 0 0 0 0 0 0 0 0 0 0 0 0 0 0 0 0 0 0 0 0 0 0 0 3.44 3.60 25 
503 19.08.2011 07:30:53 19.08.2011 03:30:53 967307 -5130433 3651686 35.1516691 -79.3226282 84.15 2.8 3D Yes 0 0 0 0 0 0 0 0 0 0 0 0 0 0 0 0 0 0 0 0 0 0 0 0 0 3.44 3.60 22 
504 19.08.2011 10:02:12 19.08.2011 06:02:12 967464 -5130555 3651474 35.1493336 -79.3211831 83.90 6.2 3D Yes 0 0 0 0 0 0 0 0 0 0 0 0 0 0 0 0 0 0 0 0 0 0 0 0 0 3.36 3.60 22 
505 19.08.2011 12:30:53 19.08.2011 08:30:53 967413 -5130417 3651664 35.1514867 -79.3214525 74.68 3.4 3D Yes 0 0 0 0 0 0 0 0 0 0 0 0 0 0 0 0 0 0 0 0 0 0 0 0 0 3.44 3.60 25 
506 19.08.2011 15:00:54 19.08.2011 11:00:54 967671 -5130099 3652088 35.1559849 -79.3180233 102.41 5.0 3D Yes 0 0 0 0 0 0 0 0 0 0 0 0 0 0 0 0 0 0 0 0 0 0 0 0 0 3.44 3.60 31 
507 19.08.2011 17:31:42 19.08.2011 13:31:42 967726 -5130045 3652112 35.1563843 -79.3173203 81.18 2.6 3D Yes 0 0 0 0 0 0 0 0 0 0 0 0 0 0 0 0 0 0 0 0 0 0 0 0 0 3.44 3.60 36 
508 19.08.2011 20:01:13 19.08.2011 16:01:13 967827 -5130145 3651930 35.1544359 -79.3164345 72.03 2.0 3D Yes 0 0 0 0 0 0 0 0 0 0 0 0 0 0 0 0 0 0 0 0 0 0 0 0 0 3.44 3.60 35 
509 19.08.2011 22:31:24 19.08.2011 18:31:24 967789 -5130182 3651894 35.1540185 -79.3169195 75.27 2.2 3D Yes 0 0 0 0 0 0 0 0 0 0 0 0 0 0 0 0 0 0 0 0 0 0 0 0 0 3.44 3.60 33 
510 20.08.2011 00:01:19 19.08.2011 20:01:19 967639 -5130201 3651907 35.1541617 -79.3185759 75.29 3.4 3D Yes 0 0 0 0 0 0 0 0 0 0 0 0 0 0 0 0 0 0 0 0 0 0 0 0 0 3.44 3.60 29 
511 20.08.2011 02:30:49 19.08.2011 22:30:49 967528 -5130135 3652072 35.1558210 -79.3196387 100.45 1.8 3D Yes 0 0 0 0 0 0 0 0 0 0 0 0 0 0 0 0 0 0 0 0 0 0 0 0 0 3.44 3.60 28 
512 20.08.2011 05:00:48 20.08.2011 01:00:48 967529 -5130020 3652204 35.1573793 -79.3193940 84.21 2.4 3D Yes 0 0 0 0 0 0 0 0 0 0 0 0 0 0 0 0 0 0 0 0 0 0 0 0 0 3.44 3.60 24 
513 20.08.2011 07:31:17 20.08.2011 03:31:17 967600 -5130188 3651940 35.1545087 -79.3189700 77.94 3.6 3D Yes 0 0 0 0 0 0 0 0 0 0 0 0 0 0 0 0 0 0 0 0 0 0 0 0 0 3.44 3.60 24 
514 20.08.2011 10:01:23 20.08.2011 06:01:23 967777 -5130071 3652055 35.1557826 -79.3168231 76.98 3.0 3D Yes 0 0 0 0 0 0 0 0 0 0 0 0 0 0 0 0 0 0 0 0 0 0 0 0 0 3.44 3.60 26 
515 20.08.2011 12:30:54 20.08.2011 08:30:54 967880 -5129941 3652200 35.1574150 -79.3154478 71.64 1.8 3D Yes 0 0 0 0 0 0 0 0 0 0 0 0 0 0 0 0 0 0 0 0 0 0 0 0 0 3.44 3.60 26 
516 20.08.2011 15:01:05 20.08.2011 11:01:05 967935 -5130007 3652090 35.1562149 -79.3149889 69.66 3.2 3D Yes 0 0 0 0 0 0 0 0 0 0 0 0 0 0 0 0 0 0 0 0 0 0 0 0 0 3.44 3.60 28 
517 20.08.2011 17:30:52 20.08.2011 13:30:52 967712 -5130238 3651858 35.1535416 -79.3178639 87.87 3.4 3D Yes 0 0 0 0 0 0 0 0 0 0 0 0 0 0 0 0 0 0 0 0 0 0 0 0 0 3.44 3.60 32 
518 20.08.2011 20:00:55 20.08.2011 16:00:55 967763 -5130192 3651863 35.1537640 -79.3172203 61.52 4.2 3D Yes 0 0 0 0 0 0 0 0 0 0 0 0 0 0 0 0 0 0 0 0 0 0 0 0 0 3.44 3.60 35 
519 20.08.2011 22:30:53 20.08.2011 18:30:53 967829 -5130294 3651783 35.1525908 -79.3167160 107.41 2.2 3D Yes 0 0 0 0 0 0 0 0 0 0 0 0 0 0 0 0 0 0 0 0 0 0 0 0 0 3.44 3.60 33 
520 21.08.2011 00:01:20 20.08.2011 20:01:20 967563 -5130253 3651908 35.1539769 -79.3195013 106.13 2.6 2D No 0 0 0 0 0 0 0 0 0 0 0 0 0 0 0 0 0 0 0 0 0 0 0 0 0 3.44 3.60 29 
521 21.08.2011 02:30:56 20.08.2011 22:30:56 967617 -5130135 3652003 35.1552269 -79.3186789 74.20 3.0 3D Yes 0 0 0 0 0 0 0 0 0 0 0 0 0 0 0 0 0 0 0 0 0 0 0 0 0 3.44 3.60 28 
522 21.08.2011 05:00:41 21.08.2011 01:00:41 967595 -5130117 3652038 35.1555978 -79.3188795 76.56 2.8 3D Yes 0 0 0 0 0 0 0 0 0 0 0 0 0 0 0 0 0 0 0 0 0 0 0 0 0 3.44 3.60 25 
523 21.08.2011 07:30:44 21.08.2011 03:30:44 967685 -5130344 3651720 35.1520101 -79.3183707 89.49 2.8 3D Yes 0 0 0 0 0 0 0 0 0 0 0 0 0 0 0 0 0 0 0 0 0 0 0 0 0 3.44 3.60 25 
524 21.08.2011 10:01:12 21.08.2011 06:01:12 967842 -5130041 3652095 35.1561678 -79.3160611 85.76 3.6 3D Yes 0 0 0 0 0 0 0 0 0 0 0 0 0 0 0 0 0 0 0 0 0 0 0 0 0 3.44 3.60 25 
525 21.08.2011 12:30:54 21.08.2011 08:30:54 967868 -5130022 3652101 35.1562839 -79.3157420 77.89 2.6 3D Yes 0 0 0 0 0 0 0 0 0 0 0 0 0 0 0 0 0 0 0 0 0 0 0 0 0 3.44 3.60 29 
526 21.08.2011 15:00:52 21.08.2011 11:00:52 967792 -5129968 3652167 35.1571188 -79.3164518 60.99 2.4 3D Yes 0 0 0 0 0 0 0 0 0 0 0 0 0 0 0 0 0 0 0 0 0 0 0 0 0 3.44 3.60 31 
527 21.08.2011 17:30:47 21.08.2011 13:30:47 967767 -5129981 3652162 35.1570397 -79.3167479 64.76 3.0 3D Yes 0 0 0 0 0 0 0 0 0 0 0 0 0 0 0 0 0 0 0 0 0 0 0 0 0 3.44 3.60 35 
528 21.08.2011 20:01:41 21.08.2011 16:01:41 967725 -5130075 3652020 35.1555543 -79.3173921 52.15 5.2 3D Yes 0 0 0 0 0 0 0 0 0 0 0 0 0 0 0 0 0 0 0 0 0 0 0 0 0 3.44 3.60 29 
529 21.08.2011 22:31:23 21.08.2011 18:31:23 967865 -5130006 3652097 35.1563389 -79.3157418 62.28 4.2 3D Yes 0 0 0 0 0 0 0 0 0 0 0 0 0 0 0 0 0 0 0 0 0 0 0 0 0 3.44 3.60 30 
530 22.08.2011 00:00:51 21.08.2011 20:00:51 967847 -5130024 3652052 35.1559328 -79.3159726 48.10 3.4 3D Yes 0 0 0 0 0 0 0 0 0 0 0 0 0 0 0 0 0 0 0 0 0 0 0 0 0 3.44 3.60 29 
531 22.08.2011 02:30:47 21.08.2011 22:30:47 967611 -5129996 3652216 35.1575112 -79.3184608 84.27 1.8 3D Yes 0 0 0 0 0 0 0 0 0 0 0 0 0 0 0 0 0 0 0 0 0 0 0 0 0 3.44 3.60 24 
532 22.08.2011 05:02:03 22.08.2011 01:02:03 967623 -5130174 3651968 35.1547643 -79.3186935 86.30 2.4 2D No 0 0 0 0 0 0 0 0 0 0 0 0 0 0 0 0 0 0 0 0 0 0 0 0 0 3.44 3.60 23 
533 22.08.2011 07:31:11 22.08.2011 03:31:11 967852 -5130241 3651781 35.1528242 -79.3163602 67.16 2.8 3D Yes 0 0 0 0 0 0 0 0 0 0 0 0 0 0 0 0 0 0 0 0 0 0 0 0 0 3.44 3.60 25 
534 22.08.2011 10:00:56 22.08.2011 06:00:56 967773 -5130073 3652055 35.1557762 -79.3168703 77.98 2.0 3D Yes 0 0 0 0 0 0 0 0 0 0 0 0 0 0 0 0 0 0 0 0 0 0 0 0 0 3.44 3.60 23 
535 22.08.2011 12:31:45 22.08.2011 08:31:45 967828 -5130016 3652117 35.1564709 -79.3161612 76.22 2.8 3D Yes 0 0 0 0 0 0 0 0 0 0 0 0 0 0 0 0 0 0 0 0 0 0 0 0 0 3.44 3.60 26 
536 22.08.2011 15:00:54 22.08.2011 11:00:54 967746 -5129939 3652211 35.1576352 -79.3168889 56.05 3.4 3D Yes 0 0 0 0 0 0 0 0 0 0 0 0 0 0 0 0 0 0 0 0 0 0 0 0 0 3.44 3.60 31 
537 22.08.2011 17:31:12 22.08.2011 13:31:12 967896 -5129945 3652162 35.1570992 -79.3152834 55.39 3.4 3D Yes 0 0 0 0 0 0 0 0 0 0 0 0 0 0 0 0 0 0 0 0 0 0 0 0 0 3.44 3.60 31 
538 22.08.2011 20:00:48 22.08.2011 16:00:48 967911 -5129939 3652154 35.1570564 -79.3151094 48.24 4.0 3D Yes 0 0 0 0 0 0 0 0 0 0 0 0 0 0 0 0 0 0 0 0 0 0 0 0 0 3.44 3.60 33 
539 22.08.2011 22:32:39 22.08.2011 18:32:39 968024 -5129920 3652150 35.1570151 -79.3138520 47.80 2.6 2D No 0 0 0 0 0 0 0 0 0 0 0 0 0 0 0 0 0 0 0 0 0 0 0 0 0 3.44 3.60 32 
540 23.08.2011 00:02:10 22.08.2011 20:02:10 968225 -5129771 3652304 35.1587164 -79.3113810 47.25 6.2 3D No 0 0 0 0 0 0 0 0 0 0 0 0 0 0 0 0 0 0 0 0 0 0 0 0 0 3.44 3.60 28 
